# Blocks, # Threads, Sync. time, Async. time
1,1,14.59,0.17
1,1,11.74,0.10
1,1,11.64,0.10
1,1,11.75,0.10
1,1,11.74,0.10
1,1,11.59,0.10
1,1,11.77,0.10
1,1,11.73,0.10
1,1,11.75,0.10
1,1,12.09,0.10
1,51,11.70,0.10
1,51,11.63,0.10
1,51,11.67,0.10
1,51,12.61,0.10
1,51,11.96,0.10
1,51,11.74,0.10
1,51,11.70,0.10
1,51,11.71,0.10
1,51,11.68,0.10
1,51,11.92,0.10
1,101,11.72,0.10
1,101,11.69,0.10
1,101,11.67,0.10
1,101,11.96,0.10
1,101,12.20,0.10
1,101,11.66,0.10
1,101,11.66,0.10
1,101,11.71,0.10
1,101,11.66,0.10
1,101,11.83,0.10
1,151,11.97,0.10
1,151,11.72,0.10
1,151,11.66,0.10
1,151,11.70,0.10
1,151,11.66,0.10
1,151,11.78,0.10
1,151,12.50,0.10
1,151,11.61,0.10
1,151,11.73,0.10
1,151,11.76,0.10
1,201,11.74,0.10
1,201,12.14,0.10
1,201,11.70,0.10
1,201,11.67,0.10
1,201,12.56,0.10
1,201,11.91,0.10
1,201,11.81,0.10
1,201,11.76,0.10
1,201,11.69,0.10
1,201,11.72,0.10
1,251,12.02,0.10
1,251,11.75,0.10
1,251,11.80,0.10
1,251,11.69,0.10
1,251,11.78,0.10
1,251,12.48,0.10
1,251,11.73,0.10
1,251,11.76,0.10
1,251,11.94,0.10
1,251,11.68,0.10
1,301,11.71,0.10
1,301,11.87,0.10
1,301,11.71,0.10
1,301,11.70,0.10
1,301,11.77,0.10
1,301,11.78,0.10
1,301,12.66,0.09
1,301,11.74,0.10
1,301,11.71,0.10
1,301,11.79,0.10
1,351,12.10,0.10
1,351,11.74,0.10
1,351,11.70,0.10
1,351,11.66,0.10
1,351,12.18,0.10
1,351,11.77,0.10
1,351,11.83,0.10
1,351,11.80,0.10
1,351,11.82,0.10
1,351,11.76,0.10
1,401,11.77,0.10
1,401,11.74,0.10
1,401,11.81,0.10
1,401,11.75,0.10
1,401,11.99,0.10
1,401,11.73,0.10
1,401,11.74,0.10
1,401,11.85,0.10
1,401,11.96,0.10
1,401,11.81,0.10
1,451,11.63,0.10
1,451,12.57,0.10
1,451,11.70,0.10
1,451,11.74,0.10
1,451,11.94,0.10
1,451,11.82,0.10
1,451,11.63,0.10
1,451,12.78,0.10
1,451,11.98,0.10
1,451,12.76,0.10
1,501,11.68,0.10
1,501,12.59,0.10
1,501,12.01,0.10
1,501,11.82,0.09
1,501,11.88,0.10
1,501,12.83,0.10
1,501,11.81,0.10
1,501,11.88,0.10
1,501,11.72,0.10
1,501,11.69,0.10
1,551,11.77,0.10
1,551,11.79,0.10
1,551,12.19,0.10
1,551,11.67,0.10
1,551,11.88,0.10
1,551,11.74,0.10
1,551,12.00,0.10
1,551,12.60,0.10
1,551,11.76,0.11
1,551,12.11,0.10
1,601,11.83,0.10
1,601,11.74,0.10
1,601,11.71,0.10
1,601,11.77,0.10
1,601,11.82,0.10
1,601,11.85,0.10
1,601,11.76,0.10
1,601,11.72,0.10
1,601,12.02,0.10
1,601,11.80,0.10
1,651,11.74,0.10
1,651,11.79,0.10
1,651,11.90,0.10
1,651,11.84,0.10
1,651,11.74,0.10
1,651,11.88,0.10
1,651,11.94,0.10
1,651,11.90,0.10
1,651,11.86,0.11
1,651,11.84,0.10
1,701,11.72,0.10
1,701,11.86,0.10
1,701,11.75,0.10
1,701,11.90,0.10
1,701,11.75,0.10
1,701,11.89,0.10
1,701,11.81,0.10
1,701,11.80,0.10
1,701,11.75,0.10
1,701,12.16,0.10
1,751,11.83,0.10
1,751,12.60,0.10
1,751,11.95,0.10
1,751,11.72,0.10
1,751,11.84,0.10
1,751,12.69,0.10
1,751,11.70,0.10
1,751,11.84,0.10
1,751,12.01,0.10
1,751,11.71,0.10
1,801,11.80,0.10
1,801,11.93,0.10
1,801,11.88,0.10
1,801,11.88,0.10
1,801,11.70,0.10
1,801,11.80,0.10
1,801,12.15,0.10
1,801,11.83,0.10
1,801,11.73,0.10
1,801,12.06,0.10
1,851,11.87,0.10
1,851,11.83,0.10
1,851,11.70,0.10
1,851,11.92,0.10
1,851,11.79,0.10
1,851,11.94,0.10
1,851,11.93,0.10
1,851,11.74,0.10
1,851,11.88,0.10
1,851,12.00,0.10
1,901,12.92,0.10
1,901,11.73,0.10
1,901,11.79,0.10
1,901,11.75,0.10
1,901,11.84,0.10
1,901,11.80,0.10
1,901,12.78,0.10
1,901,12.61,0.10
1,901,12.17,0.10
1,901,11.83,0.10
1,951,11.82,0.10
1,951,12.31,0.10
1,951,12.30,0.10
1,951,11.79,0.10
1,951,11.80,0.10
1,951,11.75,0.10
1,951,12.04,0.10
1,951,11.90,0.10
1,951,11.89,0.10
1,951,11.77,0.10
1,1001,12.06,0.10
1,1001,11.79,0.10
1,1001,11.71,0.10
1,1001,12.16,0.10
1,1001,11.92,0.10
1,1001,11.82,0.10
1,1001,12.69,0.10
1,1001,11.97,0.10
1,1001,12.60,0.10
1,1001,11.70,0.10
1001,1,11.94,0.10
1001,1,11.78,0.10
1001,1,11.82,0.10
1001,1,11.62,0.10
1001,1,11.95,0.10
1001,1,11.86,0.10
1001,1,12.60,0.10
1001,1,11.68,0.10
1001,1,11.83,0.10
1001,1,11.73,0.10
1001,51,12.63,0.10
1001,51,11.69,0.53
1001,51,11.91,0.10
1001,51,11.74,0.10
1001,51,12.01,0.10
1001,51,11.74,0.10
1001,51,11.71,0.10
1001,51,11.71,0.24
1001,51,12.00,0.10
1001,51,12.63,0.10
1001,101,11.94,0.10
1001,101,13.24,0.10
1001,101,12.12,0.10
1001,101,11.77,0.10
1001,101,11.81,0.10
1001,101,11.83,0.10
1001,101,11.95,0.10
1001,101,11.81,0.10
1001,101,11.75,0.10
1001,101,11.73,0.10
1001,151,12.87,0.10
1001,151,12.25,0.10
1001,151,11.91,0.10
1001,151,12.03,0.10
1001,151,11.81,0.10
1001,151,11.95,0.10
1001,151,12.17,0.10
1001,151,11.79,0.10
1001,151,11.80,0.10
1001,151,11.83,0.10
1001,201,12.11,0.10
1001,201,11.94,0.10
1001,201,12.83,0.10
1001,201,11.73,0.10
1001,201,12.22,0.10
1001,201,11.84,0.10
1001,201,11.86,0.10
1001,201,11.78,0.10
1001,201,11.88,0.10
1001,201,11.81,0.10
1001,251,12.61,0.10
1001,251,11.87,0.10
1001,251,12.19,0.10
1001,251,11.72,0.10
1001,251,12.74,0.10
1001,251,11.84,0.10
1001,251,11.72,0.10
1001,251,11.71,0.10
1001,251,12.01,0.10
1001,251,12.20,0.10
1001,301,12.83,0.10
1001,301,11.76,0.10
1001,301,11.99,0.10
1001,301,12.02,0.10
1001,301,11.80,0.10
1001,301,11.80,0.10
1001,301,11.91,0.10
1001,301,12.21,0.10
1001,301,11.68,0.10
1001,301,11.72,0.10
1001,351,11.82,0.10
1001,351,11.77,0.10
1001,351,12.61,0.10
1001,351,12.07,0.10
1001,351,11.72,0.10
1001,351,11.71,0.10
1001,351,11.72,0.10
1001,351,11.74,0.10
1001,351,11.77,0.10
1001,351,12.95,0.10
1001,401,12.96,0.10
1001,401,11.84,0.10
1001,401,11.73,0.10
1001,401,11.75,0.10
1001,401,12.59,0.10
1001,401,11.94,0.11
1001,401,11.83,0.10
1001,401,11.79,0.11
1001,401,11.80,0.10
1001,401,11.99,0.09
1001,451,11.98,0.10
1001,451,11.81,0.10
1001,451,11.74,0.10
1001,451,11.87,0.10
1001,451,12.01,0.10
1001,451,12.02,0.11
1001,451,11.77,0.10
1001,451,11.76,0.10
1001,451,11.94,0.10
1001,451,12.49,0.10
1001,501,11.96,0.10
1001,501,11.81,0.10
1001,501,11.80,0.11
1001,501,11.80,0.10
1001,501,12.13,0.11
1001,501,11.96,0.10
1001,501,12.34,0.10
1001,501,11.78,0.10
1001,501,11.87,0.10
1001,501,12.15,0.10
1001,551,12.03,0.11
1001,551,11.96,0.10
1001,551,11.70,0.10
1001,551,12.03,0.17
1001,551,11.93,0.10
1001,551,11.86,0.10
1001,551,11.92,0.10
1001,551,11.95,0.10
1001,551,11.81,0.10
1001,551,13.18,0.11
1001,601,11.74,0.10
1001,601,13.51,0.10
1001,601,11.87,0.10
1001,601,11.69,0.10
1001,601,11.87,0.10
1001,601,11.82,0.11
1001,601,11.98,0.10
1001,601,11.72,0.10
1001,601,12.69,0.10
1001,601,11.77,0.10
1001,651,11.90,0.10
1001,651,11.72,0.10
1001,651,11.79,0.10
1001,651,11.71,0.10
1001,651,11.74,0.10
1001,651,11.91,0.10
1001,651,12.17,0.10
1001,651,11.91,0.10
1001,651,11.73,0.10
1001,651,11.79,0.10
1001,701,11.70,0.10
1001,701,12.02,0.10
1001,701,12.01,0.10
1001,701,11.72,0.10
1001,701,11.83,0.10
1001,701,11.76,0.10
1001,701,11.87,0.10
1001,701,11.86,0.10
1001,701,11.79,0.11
1001,701,11.86,0.11
1001,751,12.03,0.10
1001,751,11.94,0.10
1001,751,11.68,0.10
1001,751,11.83,0.10
1001,751,11.96,0.10
1001,751,11.77,0.10
1001,751,11.73,0.10
1001,751,11.66,0.10
1001,751,11.85,0.10
1001,751,12.12,0.10
1001,801,11.74,0.10
1001,801,11.73,0.10
1001,801,11.72,0.10
1001,801,11.88,0.10
1001,801,11.84,0.10
1001,801,11.92,0.10
1001,801,11.71,0.10
1001,801,12.03,0.10
1001,801,12.34,0.10
1001,801,11.75,0.10
1001,851,12.73,0.10
1001,851,11.76,0.10
1001,851,11.74,0.10
1001,851,11.83,0.10
1001,851,12.20,0.10
1001,851,11.83,0.10
1001,851,11.84,0.10
1001,851,11.94,0.10
1001,851,11.80,0.10
1001,851,11.86,0.10
1001,901,11.71,0.10
1001,901,11.87,0.10
1001,901,11.77,0.10
1001,901,12.99,0.10
1001,901,11.78,0.10
1001,901,11.86,0.10
1001,901,11.78,0.10
1001,901,12.04,0.10
1001,901,11.74,0.10
1001,901,11.76,0.10
1001,951,11.76,0.10
1001,951,12.86,0.10
1001,951,11.72,0.10
1001,951,11.82,0.10
1001,951,11.72,0.10
1001,951,12.17,0.10
1001,951,11.92,0.10
1001,951,12.01,0.10
1001,951,11.85,0.10
1001,951,12.49,0.10
1001,1001,11.77,0.10
1001,1001,11.97,0.10
1001,1001,12.04,0.10
1001,1001,11.76,0.10
1001,1001,11.65,0.10
1001,1001,11.78,0.10
1001,1001,11.76,0.10
1001,1001,11.91,0.10
1001,1001,11.96,0.10
1001,1001,11.72,0.10
2001,1,11.80,0.10
2001,1,11.73,0.10
2001,1,11.85,0.10
2001,1,11.90,0.10
2001,1,11.75,0.10
2001,1,11.89,0.10
2001,1,11.97,0.10
2001,1,11.80,0.10
2001,1,11.76,0.10
2001,1,11.67,0.10
2001,51,11.96,0.10
2001,51,11.88,0.10
2001,51,12.07,0.10
2001,51,12.74,0.10
2001,51,11.85,0.10
2001,51,11.75,0.10
2001,51,12.50,0.10
2001,51,12.60,0.10
2001,51,12.17,0.10
2001,51,12.09,0.10
2001,101,11.72,0.10
2001,101,12.58,0.10
2001,101,11.87,0.10
2001,101,11.98,0.10
2001,101,12.09,0.10
2001,101,11.85,0.10
2001,101,12.71,0.10
2001,101,11.80,0.10
2001,101,11.86,0.10
2001,101,11.79,0.10
2001,151,12.56,0.10
2001,151,11.77,0.10
2001,151,11.68,0.10
2001,151,11.80,0.11
2001,151,11.71,0.10
2001,151,11.72,0.10
2001,151,11.76,0.10
2001,151,11.75,0.10
2001,151,11.69,0.10
2001,151,12.66,0.10
2001,201,11.80,0.10
2001,201,11.78,0.10
2001,201,11.83,0.10
2001,201,11.66,0.10
2001,201,12.18,0.10
2001,201,11.76,0.10
2001,201,11.92,0.10
2001,201,11.72,0.10
2001,201,11.84,0.10
2001,201,11.72,0.10
2001,251,12.24,0.10
2001,251,11.70,0.10
2001,251,11.69,0.10
2001,251,11.87,0.10
2001,251,11.75,0.10
2001,251,11.98,0.10
2001,251,11.92,0.10
2001,251,11.80,0.10
2001,251,11.70,0.10
2001,251,11.78,0.10
2001,301,11.75,0.10
2001,301,12.72,0.10
2001,301,12.00,0.10
2001,301,11.89,0.10
2001,301,11.75,0.10
2001,301,12.62,0.10
2001,301,11.80,0.10
2001,301,11.81,0.10
2001,301,11.78,0.10
2001,301,11.67,0.10
2001,351,11.73,0.10
2001,351,12.61,0.10
2001,351,12.69,0.10
2001,351,11.88,0.10
2001,351,11.94,0.10
2001,351,11.70,0.10
2001,351,11.86,0.10
2001,351,11.90,0.10
2001,351,12.59,0.10
2001,351,11.77,0.11
2001,401,12.21,0.10
2001,401,11.88,0.10
2001,401,11.75,0.16
2001,401,11.75,0.10
2001,401,11.79,0.10
2001,401,11.91,0.10
2001,401,11.78,0.10
2001,401,11.75,0.10
2001,401,11.91,0.10
2001,401,12.08,0.10
2001,451,11.70,0.10
2001,451,11.78,0.10
2001,451,11.81,0.10
2001,451,11.75,0.10
2001,451,11.95,0.10
2001,451,11.84,0.10
2001,451,11.70,0.10
2001,451,11.73,0.10
2001,451,13.02,0.10
2001,451,11.89,0.10
2001,501,11.71,0.10
2001,501,11.72,0.10
2001,501,12.98,0.10
2001,501,11.71,0.10
2001,501,12.62,0.10
2001,501,11.94,0.10
2001,501,11.90,0.10
2001,501,11.84,0.10
2001,501,11.77,0.10
2001,501,12.19,0.10
2001,551,11.94,0.10
2001,551,11.81,0.10
2001,551,11.90,0.10
2001,551,11.68,0.10
2001,551,11.89,0.10
2001,551,11.78,0.10
2001,551,11.75,0.09
2001,551,11.95,0.10
2001,551,11.91,0.10
2001,551,11.81,0.10
2001,601,12.60,0.10
2001,601,11.90,0.10
2001,601,12.02,0.10
2001,601,12.82,0.10
2001,601,11.69,0.11
2001,601,11.81,0.10
2001,601,11.75,0.10
2001,601,11.90,0.10
2001,601,12.17,0.10
2001,601,11.86,0.10
2001,651,11.80,0.10
2001,651,12.06,0.10
2001,651,11.91,0.10
2001,651,11.78,0.10
2001,651,11.70,0.21
2001,651,11.73,0.10
2001,651,11.85,0.10
2001,651,11.97,0.10
2001,651,11.77,0.10
2001,651,11.76,0.10
2001,701,11.75,0.10
2001,701,11.89,0.10
2001,701,11.74,0.10
2001,701,11.93,0.10
2001,701,11.79,0.10
2001,701,11.81,0.10
2001,701,11.78,0.10
2001,701,11.74,0.10
2001,701,11.85,0.10
2001,701,11.74,0.10
2001,751,11.80,0.10
2001,751,11.71,0.10
2001,751,11.80,0.10
2001,751,12.85,0.10
2001,751,11.71,0.10
2001,751,11.73,0.10
2001,751,11.73,0.10
2001,751,11.62,0.10
2001,751,11.77,0.10
2001,751,12.05,0.10
2001,801,11.97,0.10
2001,801,12.65,0.10
2001,801,11.87,0.10
2001,801,12.24,0.10
2001,801,12.06,0.10
2001,801,11.85,0.10
2001,801,11.75,0.10
2001,801,11.72,0.09
2001,801,11.90,0.10
2001,801,12.53,0.10
2001,851,11.77,0.10
2001,851,11.71,0.10
2001,851,11.92,0.10
2001,851,11.75,0.10
2001,851,11.73,0.10
2001,851,11.73,0.10
2001,851,11.78,0.10
2001,851,11.77,0.10
2001,851,12.05,0.10
2001,851,11.95,0.10
2001,901,11.92,0.10
2001,901,11.72,0.10
2001,901,11.69,0.10
2001,901,12.82,0.10
2001,901,11.96,0.10
2001,901,11.89,0.10
2001,901,11.73,0.10
2001,901,11.84,0.10
2001,901,11.77,0.10
2001,901,11.95,0.10
2001,951,12.03,0.10
2001,951,11.90,0.10
2001,951,11.56,0.10
2001,951,11.99,0.10
2001,951,11.75,0.10
2001,951,11.70,0.10
2001,951,12.65,0.11
2001,951,11.91,0.10
2001,951,11.88,0.10
2001,951,11.81,0.10
2001,1001,11.89,0.10
2001,1001,11.76,0.10
2001,1001,11.79,0.10
2001,1001,11.73,0.10
2001,1001,11.94,0.10
2001,1001,11.70,0.10
2001,1001,11.72,0.10
2001,1001,12.59,0.12
2001,1001,11.79,0.10
2001,1001,11.94,0.10
3001,1,11.71,0.10
3001,1,11.87,0.10
3001,1,11.78,0.10
3001,1,11.62,0.10
3001,1,12.03,0.10
3001,1,11.77,0.10
3001,1,11.72,0.10
3001,1,11.71,0.10
3001,1,12.70,0.10
3001,1,11.77,0.10
3001,51,12.10,0.10
3001,51,11.91,0.10
3001,51,11.65,0.10
3001,51,12.05,0.10
3001,51,11.71,0.10
3001,51,12.06,0.10
3001,51,11.75,0.10
3001,51,11.77,0.10
3001,51,12.07,0.10
3001,51,11.94,0.10
3001,101,11.82,0.10
3001,101,11.72,0.10
3001,101,11.80,0.10
3001,101,11.89,0.10
3001,101,11.73,0.10
3001,101,11.80,0.10
3001,101,11.67,0.10
3001,101,11.74,0.10
3001,101,11.84,0.10
3001,101,11.77,0.10
3001,151,11.95,0.10
3001,151,11.81,0.10
3001,151,11.81,0.10
3001,151,12.61,0.10
3001,151,11.93,0.10
3001,151,11.80,0.10
3001,151,12.07,0.10
3001,151,11.87,0.10
3001,151,11.82,0.10
3001,151,12.70,0.10
3001,201,11.76,0.10
3001,201,11.76,0.11
3001,201,12.20,0.10
3001,201,12.83,0.10
3001,201,11.82,0.10
3001,201,11.93,0.10
3001,201,11.75,0.10
3001,201,12.55,0.10
3001,201,11.87,0.10
3001,201,11.77,0.10
3001,251,11.69,0.10
3001,251,11.74,0.10
3001,251,11.84,0.10
3001,251,11.77,0.10
3001,251,11.71,0.10
3001,251,11.73,0.10
3001,251,11.86,0.10
3001,251,11.80,0.11
3001,251,11.78,0.10
3001,251,11.74,0.16
3001,301,11.66,0.10
3001,301,12.51,0.10
3001,301,11.89,0.10
3001,301,11.75,0.10
3001,301,11.77,0.10
3001,301,11.77,0.10
3001,301,11.75,0.10
3001,301,11.66,0.10
3001,301,12.02,0.10
3001,301,11.73,0.10
3001,351,11.80,0.10
3001,351,11.79,0.10
3001,351,11.71,0.10
3001,351,11.91,0.10
3001,351,11.89,0.12
3001,351,11.68,0.10
3001,351,11.80,0.10
3001,351,11.89,0.10
3001,351,11.69,0.10
3001,351,11.67,0.10
3001,401,12.13,0.10
3001,401,11.83,0.10
3001,401,11.69,0.10
3001,401,12.04,0.10
3001,401,12.04,0.10
3001,401,11.68,0.10
3001,401,11.77,0.10
3001,401,12.17,0.10
3001,401,11.71,0.10
3001,401,11.73,0.10
3001,451,11.92,0.10
3001,451,11.78,0.10
3001,451,12.10,0.10
3001,451,12.70,0.10
3001,451,12.00,0.10
3001,451,11.67,0.10
3001,451,11.81,0.10
3001,451,11.83,0.10
3001,451,11.78,0.10
3001,451,11.84,0.10
3001,501,11.78,0.10
3001,501,11.89,0.10
3001,501,11.76,0.10
3001,501,11.85,0.10
3001,501,11.85,0.10
3001,501,12.78,0.10
3001,501,12.94,0.10
3001,501,11.83,0.26
3001,501,11.88,0.10
3001,501,11.80,0.10
3001,551,12.22,0.10
3001,551,11.81,0.10
3001,551,11.78,0.10
3001,551,12.22,0.10
3001,551,11.88,0.10
3001,551,11.71,0.10
3001,551,11.87,0.10
3001,551,11.96,0.10
3001,551,12.08,0.10
3001,551,11.72,0.10
3001,601,11.96,0.10
3001,601,11.88,0.10
3001,601,11.74,0.10
3001,601,12.06,0.12
3001,601,11.75,0.10
3001,601,11.73,0.10
3001,601,11.71,0.10
3001,601,11.87,0.10
3001,601,11.98,0.10
3001,601,11.76,0.10
3001,651,11.73,0.10
3001,651,12.09,0.10
3001,651,11.79,0.10
3001,651,11.90,0.10
3001,651,11.88,0.10
3001,651,11.76,0.10
3001,651,12.90,0.10
3001,651,11.76,0.10
3001,651,11.73,0.10
3001,651,11.82,0.10
3001,701,11.84,0.12
3001,701,11.76,0.10
3001,701,11.75,0.10
3001,701,13.13,0.10
3001,701,11.72,0.10
3001,701,11.72,0.10
3001,701,12.08,0.10
3001,701,11.88,0.10
3001,701,11.71,0.10
3001,701,12.00,0.18
3001,751,11.80,0.10
3001,751,11.93,0.10
3001,751,11.82,0.10
3001,751,12.25,0.10
3001,751,11.97,0.10
3001,751,11.78,0.10
3001,751,11.92,0.10
3001,751,11.79,0.10
3001,751,11.92,0.10
3001,751,11.63,0.10
3001,801,12.55,0.10
3001,801,12.91,0.10
3001,801,12.07,0.10
3001,801,11.78,0.10
3001,801,11.74,0.10
3001,801,11.89,0.10
3001,801,11.77,0.10
3001,801,11.75,0.10
3001,801,11.74,0.10
3001,801,11.72,0.10
3001,851,11.98,0.10
3001,851,11.66,0.10
3001,851,11.83,0.10
3001,851,11.63,0.10
3001,851,11.88,0.10
3001,851,11.75,0.10
3001,851,11.71,0.10
3001,851,11.75,0.10
3001,851,11.75,0.10
3001,851,11.82,0.10
3001,901,11.86,0.10
3001,901,11.75,0.10
3001,901,11.78,0.10
3001,901,11.91,0.10
3001,901,12.15,0.10
3001,901,11.65,0.10
3001,901,11.84,0.10
3001,901,11.70,0.10
3001,901,11.73,0.10
3001,901,11.79,0.10
3001,951,11.75,0.10
3001,951,11.94,0.10
3001,951,11.72,0.10
3001,951,12.57,0.10
3001,951,11.65,0.10
3001,951,11.69,0.10
3001,951,12.55,0.10
3001,951,11.74,0.10
3001,951,11.89,0.10
3001,951,11.76,0.10
3001,1001,11.77,0.10
3001,1001,11.85,0.10
3001,1001,11.83,0.10
3001,1001,11.66,0.10
3001,1001,11.75,0.10
3001,1001,11.76,0.10
3001,1001,12.00,0.10
3001,1001,11.70,0.10
3001,1001,11.78,0.10
3001,1001,11.72,0.10
4001,1,11.93,0.10
4001,1,11.75,0.10
4001,1,11.67,0.10
4001,1,12.59,0.10
4001,1,12.19,0.10
4001,1,11.67,0.10
4001,1,11.73,0.10
4001,1,12.26,0.10
4001,1,11.83,0.10
4001,1,11.80,0.10
4001,51,11.75,0.10
4001,51,11.98,0.10
4001,51,11.85,0.10
4001,51,11.71,0.10
4001,51,12.02,0.10
4001,51,11.81,0.10
4001,51,11.81,0.10
4001,51,11.79,0.10
4001,51,11.92,0.10
4001,51,11.83,0.10
4001,101,11.79,0.10
4001,101,11.63,0.10
4001,101,11.75,0.12
4001,101,11.85,0.10
4001,101,11.73,0.10
4001,101,11.86,0.10
4001,101,11.75,0.10
4001,101,11.85,0.10
4001,101,11.73,0.10
4001,101,11.85,0.10
4001,151,11.73,0.10
4001,151,11.95,0.10
4001,151,11.84,0.10
4001,151,11.93,0.11
4001,151,11.87,0.10
4001,151,12.00,0.10
4001,151,11.79,0.10
4001,151,11.98,0.10
4001,151,12.36,0.10
4001,151,11.88,0.10
4001,201,11.85,0.10
4001,201,12.96,0.10
4001,201,12.83,0.10
4001,201,11.71,0.10
4001,201,11.73,0.10
4001,201,11.67,0.11
4001,201,11.77,0.17
4001,201,11.87,0.10
4001,201,11.78,0.10
4001,201,12.62,0.10
4001,251,11.82,0.10
4001,251,12.68,0.10
4001,251,12.01,0.10
4001,251,11.97,0.10
4001,251,11.95,0.11
4001,251,11.71,0.10
4001,251,11.77,0.10
4001,251,11.71,0.10
4001,251,11.83,0.10
4001,251,12.65,0.10
4001,301,12.78,0.10
4001,301,12.00,0.10
4001,301,11.83,0.10
4001,301,11.81,0.10
4001,301,11.79,0.10
4001,301,11.76,0.10
4001,301,11.80,0.10
4001,301,11.90,0.10
4001,301,11.81,0.10
4001,301,11.82,0.10
4001,351,11.84,0.10
4001,351,11.89,0.10
4001,351,11.85,0.10
4001,351,11.82,0.10
4001,351,11.94,0.10
4001,351,11.77,0.10
4001,351,11.74,0.10
4001,351,11.62,0.10
4001,351,11.78,0.10
4001,351,11.84,0.10
4001,401,11.90,0.10
4001,401,11.92,0.10
4001,401,11.71,0.10
4001,401,11.68,0.10
4001,401,11.70,0.10
4001,401,11.92,0.10
4001,401,11.77,0.10
4001,401,11.98,0.10
4001,401,11.83,0.10
4001,401,11.73,0.10
4001,451,12.69,0.10
4001,451,11.75,0.10
4001,451,11.71,0.10
4001,451,11.79,0.10
4001,451,11.76,0.10
4001,451,12.15,0.10
4001,451,11.75,0.10
4001,451,11.71,0.10
4001,451,11.72,0.10
4001,451,11.72,0.10
4001,501,11.76,0.10
4001,501,11.74,0.10
4001,501,11.85,0.10
4001,501,11.81,0.10
4001,501,11.73,0.10
4001,501,11.84,0.10
4001,501,11.79,0.10
4001,501,11.86,0.10
4001,501,12.01,0.10
4001,501,11.67,0.10
4001,551,11.66,0.10
4001,551,11.76,0.10
4001,551,11.70,0.10
4001,551,11.77,0.10
4001,551,11.75,0.10
4001,551,12.65,0.10
4001,551,12.09,0.10
4001,551,11.80,0.10
4001,551,11.73,0.10
4001,551,11.77,0.10
4001,601,11.79,0.10
4001,601,11.72,0.10
4001,601,12.02,0.10
4001,601,12.07,0.10
4001,601,11.98,0.10
4001,601,11.74,0.10
4001,601,11.74,0.10
4001,601,11.81,0.10
4001,601,11.75,0.10
4001,601,11.86,0.10
4001,651,11.84,0.10
4001,651,11.83,0.10
4001,651,12.05,0.10
4001,651,11.73,0.16
4001,651,11.72,0.10
4001,651,11.68,0.10
4001,651,11.79,0.10
4001,651,12.64,0.10
4001,651,11.82,0.10
4001,651,11.72,0.10
4001,701,11.90,0.10
4001,701,11.73,0.10
4001,701,11.75,0.10
4001,701,11.71,0.10
4001,701,11.65,0.10
4001,701,11.69,0.10
4001,701,12.08,0.10
4001,701,11.71,0.10
4001,701,11.94,0.10
4001,701,12.28,0.10
4001,751,11.68,0.10
4001,751,11.92,0.10
4001,751,11.92,0.10
4001,751,11.72,0.10
4001,751,12.59,0.10
4001,751,11.75,0.10
4001,751,11.75,0.10
4001,751,11.99,0.10
4001,751,12.60,0.10
4001,751,11.83,0.10
4001,801,11.83,0.10
4001,801,11.74,0.10
4001,801,11.80,0.10
4001,801,11.73,0.10
4001,801,11.86,0.10
4001,801,11.78,0.10
4001,801,11.95,0.10
4001,801,12.62,0.10
4001,801,11.71,0.10
4001,801,11.80,0.10
4001,851,11.84,0.10
4001,851,11.81,0.10
4001,851,11.78,0.10
4001,851,12.60,0.10
4001,851,11.71,0.10
4001,851,11.81,0.10
4001,851,11.73,0.10
4001,851,11.70,0.16
4001,851,11.80,0.10
4001,851,11.90,0.10
4001,901,11.93,0.10
4001,901,11.80,0.10
4001,901,11.71,0.10
4001,901,11.77,0.10
4001,901,12.05,0.10
4001,901,11.78,0.10
4001,901,12.06,0.10
4001,901,11.77,0.10
4001,901,11.73,0.10
4001,901,11.75,0.10
4001,951,11.76,0.10
4001,951,11.72,0.10
4001,951,11.89,0.10
4001,951,11.96,0.10
4001,951,11.87,0.10
4001,951,11.86,0.10
4001,951,11.67,0.10
4001,951,11.73,0.10
4001,951,11.85,0.10
4001,951,12.05,0.10
4001,1001,12.58,0.10
4001,1001,11.76,0.10
4001,1001,11.75,0.10
4001,1001,11.82,0.10
4001,1001,12.08,0.10
4001,1001,11.80,0.10
4001,1001,11.78,0.10
4001,1001,11.79,0.10
4001,1001,11.83,0.10
4001,1001,11.68,0.10
5001,1,12.16,0.10
5001,1,11.83,0.10
5001,1,11.75,0.10
5001,1,11.74,0.10
5001,1,11.73,0.10
5001,1,11.77,0.10
5001,1,11.84,0.10
5001,1,11.69,0.10
5001,1,12.12,0.10
5001,1,11.76,0.10
5001,51,11.77,0.10
5001,51,11.73,0.10
5001,51,11.74,0.10
5001,51,11.74,0.10
5001,51,11.68,0.10
5001,51,12.16,0.10
5001,51,11.83,0.10
5001,51,12.06,0.10
5001,51,11.75,0.10
5001,51,11.71,0.10
5001,101,11.71,0.10
5001,101,11.77,0.10
5001,101,12.05,0.10
5001,101,11.80,0.10
5001,101,11.78,0.10
5001,101,11.76,0.10
5001,101,11.73,0.10
5001,101,11.83,0.10
5001,101,11.67,0.10
5001,101,11.79,0.10
5001,151,12.00,0.10
5001,151,11.83,0.10
5001,151,11.74,0.10
5001,151,11.72,0.10
5001,151,11.92,0.10
5001,151,12.54,0.10
5001,151,11.83,0.10
5001,151,12.39,0.10
5001,151,11.68,0.10
5001,151,11.72,0.10
5001,201,11.77,0.10
5001,201,11.77,0.10
5001,201,11.65,0.10
5001,201,11.70,0.10
5001,201,11.78,0.10
5001,201,11.75,0.10
5001,201,12.57,0.10
5001,201,11.67,0.10
5001,201,11.77,0.10
5001,201,11.81,0.10
5001,251,11.67,0.10
5001,251,11.65,0.10
5001,251,11.74,0.10
5001,251,11.76,0.10
5001,251,12.06,0.10
5001,251,11.70,0.10
5001,251,11.78,0.10
5001,251,11.75,0.10
5001,251,11.70,0.10
5001,251,11.66,0.10
5001,301,11.95,0.10
5001,301,11.81,0.10
5001,301,11.74,0.10
5001,301,11.71,0.10
5001,301,12.60,0.10
5001,301,11.71,0.10
5001,301,11.96,0.10
5001,301,11.81,0.10
5001,301,11.87,0.10
5001,301,11.75,0.10
5001,351,11.71,0.10
5001,351,11.82,0.10
5001,351,11.69,0.10
5001,351,11.68,0.10
5001,351,11.77,0.10
5001,351,11.71,0.10
5001,351,11.75,0.10
5001,351,11.77,0.10
5001,351,11.65,0.10
5001,351,12.65,0.10
5001,401,11.77,0.10
5001,401,11.98,0.10
5001,401,11.74,0.10
5001,401,11.79,0.10
5001,401,11.85,0.10
5001,401,11.79,0.10
5001,401,11.76,0.10
5001,401,11.87,0.10
5001,401,11.87,0.10
5001,401,12.07,0.10
5001,451,11.74,0.10
5001,451,11.78,0.10
5001,451,11.71,0.10
5001,451,11.83,0.10
5001,451,11.79,0.10
5001,451,12.03,0.10
5001,451,11.79,0.10
5001,451,12.89,0.10
5001,451,11.79,0.10
5001,451,11.72,0.10
5001,501,11.84,0.10
5001,501,12.05,0.10
5001,501,11.93,0.10
5001,501,12.07,0.10
5001,501,11.75,0.10
5001,501,11.71,0.10
5001,501,11.77,0.10
5001,501,11.87,0.10
5001,501,11.88,0.10
5001,501,11.67,0.10
5001,551,11.66,0.10
5001,551,11.79,0.10
5001,551,11.80,0.10
5001,551,11.62,0.10
5001,551,11.63,0.10
5001,551,11.66,0.10
5001,551,11.90,0.10
5001,551,11.74,0.10
5001,551,11.84,0.10
5001,551,11.71,0.10
5001,601,11.69,0.10
5001,601,11.82,0.10
5001,601,11.79,0.10
5001,601,11.73,0.10
5001,601,12.02,0.10
5001,601,11.97,0.10
5001,601,11.83,0.10
5001,601,11.74,0.10
5001,601,11.70,0.10
5001,601,11.73,0.10
5001,651,12.53,0.10
5001,651,11.78,0.10
5001,651,11.83,0.10
5001,651,11.70,0.10
5001,651,11.73,0.10
5001,651,11.74,0.10
5001,651,11.65,0.10
5001,651,11.86,0.10
5001,651,11.77,0.10
5001,651,12.38,0.10
5001,701,11.69,0.10
5001,701,11.84,0.10
5001,701,11.70,0.10
5001,701,11.82,0.10
5001,701,11.78,0.10
5001,701,11.71,0.10
5001,701,11.68,0.10
5001,701,11.67,0.10
5001,701,11.86,0.10
5001,701,12.53,0.10
5001,751,12.01,0.10
5001,751,11.82,0.17
5001,751,11.82,0.10
5001,751,11.75,0.10
5001,751,11.85,0.10
5001,751,11.72,0.10
5001,751,11.77,0.10
5001,751,11.77,0.10
5001,751,12.53,0.10
5001,751,11.72,0.10
5001,801,11.72,0.10
5001,801,11.77,0.10
5001,801,11.76,0.10
5001,801,11.85,0.10
5001,801,12.23,0.10
5001,801,11.72,0.10
5001,801,11.70,0.10
5001,801,11.79,0.10
5001,801,11.78,0.10
5001,801,11.72,0.10
5001,851,11.71,0.10
5001,851,11.81,0.10
5001,851,11.99,0.10
5001,851,11.72,0.10
5001,851,11.82,0.10
5001,851,11.73,0.10
5001,851,11.72,0.10
5001,851,11.84,0.10
5001,851,11.93,0.10
5001,851,11.65,0.10
5001,901,11.96,0.10
5001,901,12.15,0.10
5001,901,11.80,0.10
5001,901,11.73,0.10
5001,901,11.79,0.10
5001,901,11.71,0.10
5001,901,11.90,0.10
5001,901,12.06,0.10
5001,901,11.79,0.10
5001,901,11.76,0.10
5001,951,13.16,0.10
5001,951,11.90,0.10
5001,951,11.81,0.10
5001,951,11.70,0.10
5001,951,11.70,0.10
5001,951,12.09,0.10
5001,951,11.78,0.10
5001,951,11.80,0.10
5001,951,11.76,0.10
5001,951,11.67,0.10
5001,1001,11.80,0.10
5001,1001,11.67,0.10
5001,1001,11.91,0.10
5001,1001,11.75,0.10
5001,1001,11.78,0.10
5001,1001,12.08,0.10
5001,1001,11.73,0.10
5001,1001,11.74,0.10
5001,1001,11.83,0.10
5001,1001,11.83,0.10
6001,1,11.77,0.10
6001,1,11.75,0.10
6001,1,13.00,0.10
6001,1,11.77,0.10
6001,1,11.91,0.10
6001,1,11.73,0.10
6001,1,11.64,0.10
6001,1,11.78,0.10
6001,1,11.97,0.10
6001,1,11.64,0.10
6001,51,11.67,0.10
6001,51,11.74,0.10
6001,51,11.73,0.10
6001,51,12.65,0.10
6001,51,11.68,0.10
6001,51,11.72,0.10
6001,51,12.18,0.10
6001,51,12.26,0.10
6001,51,11.71,0.10
6001,51,11.76,0.10
6001,101,11.78,0.10
6001,101,11.75,0.10
6001,101,11.94,0.10
6001,101,11.74,0.10
6001,101,13.17,0.10
6001,101,11.80,0.10
6001,101,11.76,0.10
6001,101,11.77,0.10
6001,101,11.77,0.10
6001,101,11.82,0.10
6001,151,12.64,0.10
6001,151,11.80,0.10
6001,151,11.94,0.10
6001,151,12.63,0.10
6001,151,11.75,0.10
6001,151,11.75,0.10
6001,151,11.76,0.10
6001,151,11.80,0.10
6001,151,11.78,0.10
6001,151,11.77,0.10
6001,201,11.74,0.10
6001,201,11.76,0.10
6001,201,11.79,0.10
6001,201,11.76,0.10
6001,201,11.69,0.10
6001,201,11.88,0.10
6001,201,11.72,0.10
6001,201,12.92,0.10
6001,201,11.99,0.10
6001,201,11.75,0.10
6001,251,11.74,0.10
6001,251,12.17,0.10
6001,251,11.84,0.10
6001,251,11.73,0.10
6001,251,11.66,0.10
6001,251,11.77,0.10
6001,251,11.67,0.10
6001,251,12.60,0.10
6001,251,11.72,0.10
6001,251,12.65,0.10
6001,301,11.71,0.10
6001,301,12.61,0.10
6001,301,11.76,0.10
6001,301,12.01,0.10
6001,301,11.66,0.10
6001,301,11.82,0.10
6001,301,11.75,0.10
6001,301,12.57,0.10
6001,301,11.77,0.10
6001,301,11.75,0.10
6001,351,11.84,0.10
6001,351,11.70,0.10
6001,351,11.73,0.10
6001,351,11.81,0.10
6001,351,11.80,0.10
6001,351,12.01,0.10
6001,351,11.70,0.10
6001,351,11.73,0.10
6001,351,12.67,0.10
6001,351,11.72,0.10
6001,401,12.85,0.10
6001,401,11.72,0.10
6001,401,11.73,0.10
6001,401,11.79,0.10
6001,401,11.72,0.10
6001,401,11.72,0.10
6001,401,11.64,0.10
6001,401,11.74,0.10
6001,401,12.65,0.10
6001,401,11.86,0.10
6001,451,12.05,0.10
6001,451,11.75,0.10
6001,451,12.93,0.10
6001,451,11.79,0.10
6001,451,11.82,0.10
6001,451,12.01,0.10
6001,451,12.60,0.10
6001,451,11.73,0.10
6001,451,11.75,0.10
6001,451,11.74,0.12
6001,501,11.82,0.39
6001,501,11.91,0.10
6001,501,12.05,0.10
6001,501,11.84,0.10
6001,501,12.63,0.10
6001,501,11.74,0.10
6001,501,11.70,0.10
6001,501,12.00,0.10
6001,501,11.67,0.10
6001,501,11.71,0.10
6001,551,11.96,0.10
6001,551,11.80,0.10
6001,551,11.78,0.10
6001,551,11.79,0.10
6001,551,11.88,0.10
6001,551,11.88,0.10
6001,551,11.72,0.10
6001,551,11.82,0.10
6001,551,11.86,0.10
6001,551,11.97,0.10
6001,601,11.91,0.10
6001,601,11.63,0.10
6001,601,11.79,0.10
6001,601,11.70,0.10
6001,601,11.89,0.10
6001,601,12.71,0.10
6001,601,11.93,0.10
6001,601,11.73,0.10
6001,601,11.70,0.10
6001,601,11.87,0.10
6001,651,12.52,0.10
6001,651,11.72,0.10
6001,651,11.76,0.10
6001,651,12.60,0.10
6001,651,11.94,0.10
6001,651,11.70,0.10
6001,651,11.85,0.10
6001,651,12.63,0.10
6001,651,12.27,0.10
6001,651,11.80,0.10
6001,701,11.74,0.10
6001,701,11.73,0.10
6001,701,11.96,0.10
6001,701,12.28,0.10
6001,701,11.77,0.10
6001,701,11.84,0.10
6001,701,11.66,0.10
6001,701,11.75,0.10
6001,701,11.84,0.10
6001,701,11.78,0.10
6001,751,11.93,0.10
6001,751,12.17,0.10
6001,751,11.72,0.10
6001,751,11.74,0.10
6001,751,12.22,0.10
6001,751,11.82,0.10
6001,751,11.70,0.10
6001,751,12.83,0.10
6001,751,11.98,0.10
6001,751,11.76,0.10
6001,801,11.79,0.10
6001,801,11.74,0.10
6001,801,11.92,0.10
6001,801,11.94,0.10
6001,801,11.69,0.10
6001,801,11.74,0.10
6001,801,11.82,0.10
6001,801,11.75,0.10
6001,801,11.79,0.10
6001,801,12.09,0.10
6001,851,11.82,0.10
6001,851,11.83,0.10
6001,851,12.72,0.10
6001,851,12.10,0.10
6001,851,11.71,0.10
6001,851,11.67,0.10
6001,851,11.82,0.10
6001,851,11.74,0.10
6001,851,11.73,0.10
6001,851,11.74,0.10
6001,901,12.00,0.10
6001,901,12.07,0.10
6001,901,11.73,0.10
6001,901,11.82,0.10
6001,901,11.69,0.10
6001,901,11.93,0.10
6001,901,11.69,0.10
6001,901,11.64,0.10
6001,901,11.71,0.10
6001,901,11.84,0.10
6001,951,11.76,0.10
6001,951,11.92,0.09
6001,951,11.71,0.10
6001,951,11.91,0.10
6001,951,11.83,0.10
6001,951,11.83,0.10
6001,951,11.87,0.10
6001,951,11.96,0.10
6001,951,11.71,0.10
6001,951,11.70,0.11
6001,1001,11.72,0.10
6001,1001,11.84,0.10
6001,1001,11.77,0.10
6001,1001,12.04,0.10
6001,1001,11.76,0.10
6001,1001,11.72,0.10
6001,1001,11.74,0.10
6001,1001,11.70,0.10
6001,1001,11.70,0.10
6001,1001,11.84,0.10
7001,1,11.76,0.10
7001,1,11.72,0.10
7001,1,11.72,0.10
7001,1,11.83,0.10
7001,1,11.85,0.42
7001,1,12.05,0.10
7001,1,11.64,0.10
7001,1,11.99,0.10
7001,1,11.96,0.10
7001,1,12.01,0.10
7001,51,12.10,0.10
7001,51,12.09,0.10
7001,51,11.61,0.10
7001,51,11.78,0.10
7001,51,11.74,0.10
7001,51,11.71,0.10
7001,51,11.79,0.10
7001,51,11.76,0.10
7001,51,11.83,0.10
7001,51,11.88,0.10
7001,101,11.72,0.10
7001,101,11.63,0.10
7001,101,11.73,0.10
7001,101,11.92,0.09
7001,101,12.70,0.10
7001,101,11.73,0.10
7001,101,11.86,0.10
7001,101,12.68,0.10
7001,101,11.68,0.10
7001,101,11.82,0.10
7001,151,12.62,0.10
7001,151,11.80,0.10
7001,151,11.70,0.10
7001,151,11.83,0.10
7001,151,11.86,0.10
7001,151,11.70,0.22
7001,151,12.04,0.10
7001,151,11.87,0.10
7001,151,11.68,0.10
7001,151,11.87,0.10
7001,201,11.95,0.10
7001,201,12.50,0.10
7001,201,11.76,0.10
7001,201,11.84,0.10
7001,201,11.76,0.10
7001,201,11.74,0.10
7001,201,11.69,0.10
7001,201,11.75,0.10
7001,201,11.63,0.10
7001,201,11.84,0.10
7001,251,11.83,0.10
7001,251,11.72,0.10
7001,251,11.77,0.10
7001,251,11.82,0.10
7001,251,12.55,0.10
7001,251,11.88,0.10
7001,251,11.87,0.10
7001,251,11.70,0.10
7001,251,11.86,0.10
7001,251,11.71,0.10
7001,301,11.78,0.10
7001,301,12.04,0.10
7001,301,11.69,0.09
7001,301,12.68,0.10
7001,301,11.88,0.10
7001,301,11.80,0.10
7001,301,11.87,0.10
7001,301,11.67,0.10
7001,301,11.79,0.10
7001,301,11.92,0.10
7001,351,11.82,0.10
7001,351,11.89,0.10
7001,351,11.75,0.10
7001,351,11.66,0.10
7001,351,11.70,0.10
7001,351,11.90,0.10
7001,351,11.91,0.10
7001,351,11.76,0.10
7001,351,12.64,0.10
7001,351,11.71,0.10
7001,401,11.70,0.24
7001,401,11.79,0.10
7001,401,11.79,0.10
7001,401,11.72,0.10
7001,401,11.69,0.10
7001,401,11.81,0.10
7001,401,11.69,0.10
7001,401,11.83,0.10
7001,401,11.64,0.10
7001,401,11.75,0.10
7001,451,11.72,0.10
7001,451,12.05,0.10
7001,451,11.78,0.10
7001,451,11.85,0.10
7001,451,11.69,0.10
7001,451,11.81,0.10
7001,451,11.78,0.10
7001,451,11.75,0.10
7001,451,11.77,0.10
7001,451,11.96,0.10
7001,501,11.96,0.10
7001,501,11.68,0.10
7001,501,11.87,0.10
7001,501,11.74,0.10
7001,501,11.75,0.10
7001,501,11.86,0.10
7001,501,11.73,0.10
7001,501,11.80,0.10
7001,501,11.86,0.10
7001,501,11.77,0.10
7001,551,11.87,0.10
7001,551,12.08,0.10
7001,551,11.76,0.10
7001,551,11.79,0.10
7001,551,11.79,0.10
7001,551,11.70,0.10
7001,551,11.89,0.10
7001,551,11.89,0.10
7001,551,11.72,0.10
7001,551,11.68,0.10
7001,601,11.71,0.10
7001,601,12.12,0.10
7001,601,11.73,0.10
7001,601,11.74,0.10
7001,601,11.79,0.10
7001,601,11.92,0.10
7001,601,11.71,0.10
7001,601,11.87,0.10
7001,601,11.68,0.10
7001,601,11.75,0.10
7001,651,11.86,0.10
7001,651,11.76,0.10
7001,651,12.07,0.10
7001,651,11.74,0.10
7001,651,11.82,0.10
7001,651,11.80,0.10
7001,651,11.78,0.10
7001,651,11.82,0.10
7001,651,11.66,0.10
7001,651,11.70,0.10
7001,701,11.78,0.10
7001,701,12.82,0.10
7001,701,12.08,0.10
7001,701,11.84,0.11
7001,701,12.60,0.10
7001,701,11.69,0.10
7001,701,11.74,0.10
7001,701,11.83,0.10
7001,701,11.99,0.10
7001,701,11.94,0.10
7001,751,11.75,0.10
7001,751,11.80,0.10
7001,751,11.72,0.10
7001,751,11.73,0.10
7001,751,12.52,0.10
7001,751,11.92,0.10
7001,751,11.83,0.10
7001,751,11.81,0.10
7001,751,11.69,0.10
7001,751,12.57,0.10
7001,801,11.86,0.10
7001,801,11.92,0.10
7001,801,11.69,0.10
7001,801,11.67,0.10
7001,801,11.73,0.10
7001,801,11.80,0.10
7001,801,11.77,0.10
7001,801,11.89,0.10
7001,801,11.70,0.10
7001,801,11.72,0.10
7001,851,12.74,0.10
7001,851,11.79,0.10
7001,851,11.96,0.10
7001,851,12.38,0.10
7001,851,11.78,0.10
7001,851,11.83,0.10
7001,851,12.74,0.10
7001,851,11.95,0.10
7001,851,11.88,0.10
7001,851,11.74,0.10
7001,901,11.74,0.36
7001,901,11.75,0.10
7001,901,11.74,0.10
7001,901,11.76,0.10
7001,901,11.81,0.10
7001,901,11.93,0.10
7001,901,11.69,0.10
7001,901,12.71,0.10
7001,901,11.69,0.10
7001,901,11.79,0.10
7001,951,11.93,0.10
7001,951,12.03,0.10
7001,951,11.77,0.10
7001,951,11.95,0.10
7001,951,11.86,0.10
7001,951,11.70,0.10
7001,951,11.83,0.10
7001,951,11.86,0.10
7001,951,11.81,0.11
7001,951,11.88,0.10
7001,1001,11.70,0.10
7001,1001,11.72,0.10
7001,1001,12.34,0.10
7001,1001,11.74,0.10
7001,1001,11.90,0.10
7001,1001,11.77,0.10
7001,1001,11.84,0.10
7001,1001,11.85,0.10
7001,1001,11.78,0.10
7001,1001,11.69,0.11
8001,1,12.67,0.10
8001,1,11.79,0.10
8001,1,11.77,0.10
8001,1,11.97,0.10
8001,1,11.81,0.10
8001,1,11.81,0.10
8001,1,11.81,0.10
8001,1,11.72,0.10
8001,1,11.77,0.10
8001,1,11.85,0.10
8001,51,11.97,0.10
8001,51,11.73,0.10
8001,51,11.94,0.10
8001,51,12.62,0.10
8001,51,11.79,0.10
8001,51,11.76,0.10
8001,51,12.61,0.10
8001,51,12.56,0.10
8001,51,11.78,0.10
8001,51,11.76,0.10
8001,101,12.19,0.16
8001,101,11.74,0.10
8001,101,11.76,0.10
8001,101,11.71,0.10
8001,101,12.07,0.10
8001,101,12.65,0.10
8001,101,12.00,0.10
8001,101,11.87,0.10
8001,101,12.22,0.10
8001,101,12.61,0.10
8001,151,11.86,0.10
8001,151,11.95,0.10
8001,151,11.98,0.10
8001,151,11.80,0.10
8001,151,11.90,0.10
8001,151,11.95,0.10
8001,151,12.07,0.10
8001,151,11.99,0.10
8001,151,12.09,0.10
8001,151,11.78,0.10
8001,201,11.90,0.10
8001,201,11.83,0.10
8001,201,11.81,0.10
8001,201,11.86,0.10
8001,201,11.77,0.10
8001,201,11.74,0.10
8001,201,11.79,0.10
8001,201,11.96,0.10
8001,201,11.86,0.10
8001,201,11.85,0.10
8001,251,11.75,0.10
8001,251,11.88,0.10
8001,251,11.91,0.10
8001,251,11.76,0.10
8001,251,11.81,0.10
8001,251,11.83,0.10
8001,251,11.81,0.10
8001,251,11.76,0.10
8001,251,11.82,0.10
8001,251,11.90,0.10
8001,301,12.28,0.10
8001,301,12.70,0.10
8001,301,11.80,0.10
8001,301,11.74,0.10
8001,301,11.79,0.10
8001,301,11.91,0.10
8001,301,11.77,0.10
8001,301,11.76,0.10
8001,301,11.86,0.10
8001,301,12.02,0.10
8001,351,11.77,0.10
8001,351,11.92,0.10
8001,351,11.73,0.10
8001,351,12.65,0.10
8001,351,12.06,0.18
8001,351,11.80,0.09
8001,351,11.85,0.10
8001,351,11.74,0.10
8001,351,12.50,0.10
8001,351,11.81,0.10
8001,401,11.92,0.10
8001,401,11.90,0.10
8001,401,12.63,0.10
8001,401,12.04,0.10
8001,401,12.01,0.10
8001,401,11.81,0.10
8001,401,11.93,0.10
8001,401,11.77,0.10
8001,401,11.68,0.10
8001,401,12.05,0.10
8001,451,11.75,0.10
8001,451,11.85,0.10
8001,451,11.85,0.10
8001,451,11.77,0.10
8001,451,11.77,0.10
8001,451,12.87,0.10
8001,451,11.75,0.10
8001,451,11.83,0.10
8001,451,11.76,0.10
8001,451,11.78,0.10
8001,501,11.95,0.10
8001,501,11.82,0.10
8001,501,11.83,0.10
8001,501,11.76,0.10
8001,501,11.65,0.10
8001,501,11.77,0.10
8001,501,11.77,0.10
8001,501,12.58,0.10
8001,501,12.73,0.10
8001,501,12.02,0.10
8001,551,11.71,0.10
8001,551,12.82,0.10
8001,551,11.69,0.10
8001,551,11.81,0.10
8001,551,11.70,0.10
8001,551,11.91,0.10
8001,551,11.94,0.10
8001,551,11.72,0.11
8001,551,11.81,0.09
8001,551,11.78,0.10
8001,601,11.86,0.10
8001,601,11.78,0.10
8001,601,11.92,0.10
8001,601,11.78,0.10
8001,601,11.79,0.10
8001,601,12.01,0.10
8001,601,12.40,0.10
8001,601,11.80,0.10
8001,601,11.88,0.10
8001,601,11.83,0.10
8001,651,11.83,0.10
8001,651,11.94,0.10
8001,651,11.82,0.10
8001,651,11.89,0.10
8001,651,11.84,0.10
8001,651,11.90,0.10
8001,651,11.75,0.10
8001,651,11.72,0.10
8001,651,12.31,0.10
8001,651,11.85,0.10
8001,701,12.02,0.10
8001,701,11.87,0.10
8001,701,11.76,0.10
8001,701,11.75,0.10
8001,701,12.59,0.10
8001,701,11.78,0.10
8001,701,11.64,0.10
8001,701,11.71,0.12
8001,701,12.56,0.16
8001,701,11.83,0.10
8001,751,11.61,0.10
8001,751,11.83,0.10
8001,751,11.89,0.10
8001,751,11.84,0.10
8001,751,11.76,0.10
8001,751,11.94,0.10
8001,751,11.84,0.10
8001,751,11.78,0.10
8001,751,11.82,0.10
8001,751,11.74,0.16
8001,801,11.88,0.10
8001,801,11.87,0.10
8001,801,11.78,0.10
8001,801,11.68,0.10
8001,801,11.74,0.10
8001,801,11.79,0.10
8001,801,11.74,0.10
8001,801,11.79,0.10
8001,801,11.80,0.10
8001,801,12.65,0.10
8001,851,11.73,0.10
8001,851,11.93,0.10
8001,851,11.78,0.10
8001,851,11.85,0.10
8001,851,12.07,0.10
8001,851,11.76,0.10
8001,851,12.44,0.10
8001,851,11.80,0.10
8001,851,11.78,0.10
8001,851,11.75,0.11
8001,901,11.80,0.10
8001,901,11.69,0.10
8001,901,11.78,0.10
8001,901,11.69,0.10
8001,901,11.85,0.10
8001,901,11.82,0.10
8001,901,11.72,0.10
8001,901,11.73,0.10
8001,901,11.70,0.10
8001,901,11.86,0.10
8001,951,12.97,0.10
8001,951,11.79,0.10
8001,951,11.75,0.10
8001,951,11.72,0.10
8001,951,12.04,0.10
8001,951,12.70,0.10
8001,951,11.73,0.10
8001,951,11.73,0.10
8001,951,13.08,0.10
8001,951,11.70,0.10
8001,1001,12.80,0.10
8001,1001,11.80,0.10
8001,1001,11.81,0.10
8001,1001,11.67,0.10
8001,1001,11.76,0.10
8001,1001,11.86,0.10
8001,1001,11.61,0.10
8001,1001,11.73,0.10
8001,1001,12.17,0.10
8001,1001,11.95,0.10
9001,1,12.02,0.10
9001,1,11.75,0.10
9001,1,11.78,0.10
9001,1,11.83,0.10
9001,1,11.71,0.10
9001,1,11.72,0.10
9001,1,11.88,0.10
9001,1,12.81,0.10
9001,1,12.21,0.10
9001,1,11.72,0.10
9001,51,11.81,0.10
9001,51,11.80,0.09
9001,51,11.76,0.10
9001,51,12.76,0.10
9001,51,11.66,0.10
9001,51,11.83,0.10
9001,51,11.78,0.10
9001,51,11.86,0.10
9001,51,11.69,0.10
9001,51,11.97,0.10
9001,101,12.05,0.10
9001,101,11.76,0.10
9001,101,11.90,0.10
9001,101,12.06,0.10
9001,101,11.73,0.10
9001,101,12.64,0.09
9001,101,11.92,0.10
9001,101,12.57,0.10
9001,101,11.77,0.10
9001,101,11.84,0.10
9001,151,12.06,0.10
9001,151,11.80,0.10
9001,151,11.83,0.10
9001,151,12.53,0.10
9001,151,11.83,0.10
9001,151,11.74,0.10
9001,151,11.68,0.10
9001,151,12.14,0.10
9001,151,11.76,0.10
9001,151,11.80,0.10
9001,201,11.74,0.10
9001,201,11.80,0.10
9001,201,11.78,0.10
9001,201,11.75,0.10
9001,201,11.75,0.10
9001,201,12.73,0.10
9001,201,11.77,0.10
9001,201,11.74,0.10
9001,201,11.81,0.10
9001,201,12.64,0.10
9001,251,11.66,0.10
9001,251,11.79,0.10
9001,251,11.84,0.10
9001,251,11.71,0.10
9001,251,12.67,0.10
9001,251,11.78,0.10
9001,251,11.75,0.10
9001,251,11.72,0.10
9001,251,12.77,0.10
9001,251,12.78,0.10
9001,301,11.76,0.10
9001,301,11.87,0.10
9001,301,11.77,0.10
9001,301,11.69,0.10
9001,301,11.71,0.10
9001,301,11.81,0.10
9001,301,12.58,0.10
9001,301,11.87,0.10
9001,301,11.77,0.10
9001,301,11.74,0.10
9001,351,11.83,0.10
9001,351,11.74,0.10
9001,351,11.84,0.10
9001,351,11.75,0.10
9001,351,11.92,0.10
9001,351,12.14,0.10
9001,351,11.93,0.10
9001,351,11.81,0.10
9001,351,11.82,0.10
9001,351,11.74,0.10
9001,401,11.65,0.10
9001,401,11.77,0.10
9001,401,11.80,0.10
9001,401,11.78,0.10
9001,401,11.77,0.10
9001,401,11.80,0.10
9001,401,11.75,0.10
9001,401,11.72,0.10
9001,401,12.76,0.10
9001,401,11.83,0.10
9001,451,11.70,0.10
9001,451,12.17,0.10
9001,451,11.82,0.10
9001,451,11.96,0.10
9001,451,11.74,0.10
9001,451,11.79,0.10
9001,451,11.69,0.10
9001,451,11.88,0.10
9001,451,11.77,0.10
9001,451,11.72,0.10
9001,501,11.82,0.09
9001,501,11.90,0.11
9001,501,11.76,0.10
9001,501,11.80,0.10
9001,501,11.81,0.10
9001,501,11.74,0.10
9001,501,12.58,0.10
9001,501,12.23,0.10
9001,501,11.71,0.10
9001,501,11.62,0.10
9001,551,11.85,0.11
9001,551,11.85,0.10
9001,551,12.16,0.10
9001,551,12.54,0.10
9001,551,11.89,0.10
9001,551,12.71,0.10
9001,551,11.65,0.10
9001,551,11.85,0.10
9001,551,12.10,0.10
9001,551,11.78,0.10
9001,601,11.73,0.10
9001,601,11.74,0.10
9001,601,11.83,0.11
9001,601,11.68,0.10
9001,601,11.78,0.10
9001,601,12.11,0.10
9001,601,11.75,0.10
9001,601,11.78,0.10
9001,601,11.78,0.10
9001,601,11.68,0.10
9001,651,11.78,0.10
9001,651,11.74,0.10
9001,651,12.62,0.10
9001,651,11.66,0.10
9001,651,11.87,0.10
9001,651,11.86,0.10
9001,651,12.60,0.10
9001,651,11.70,0.10
9001,651,12.58,0.10
9001,651,11.63,0.10
9001,701,11.85,0.10
9001,701,11.72,0.10
9001,701,11.84,0.10
9001,701,11.88,0.10
9001,701,11.75,0.10
9001,701,11.71,0.10
9001,701,11.80,0.10
9001,701,11.82,0.10
9001,701,11.90,0.10
9001,701,12.63,0.10
9001,751,11.70,0.10
9001,751,11.90,0.10
9001,751,11.76,0.10
9001,751,11.72,0.10
9001,751,11.91,0.10
9001,751,11.71,0.10
9001,751,11.91,0.10
9001,751,11.77,0.10
9001,751,11.78,0.10
9001,751,11.90,0.10
9001,801,11.69,0.10
9001,801,11.76,0.10
9001,801,11.73,0.10
9001,801,11.75,0.10
9001,801,12.10,0.10
9001,801,11.80,0.10
9001,801,11.70,0.10
9001,801,11.73,0.10
9001,801,11.98,0.10
9001,801,11.84,0.10
9001,851,12.11,0.10
9001,851,11.74,0.10
9001,851,11.71,0.10
9001,851,11.79,0.10
9001,851,11.78,0.10
9001,851,11.93,0.10
9001,851,11.85,0.10
9001,851,11.84,0.10
9001,851,11.71,0.10
9001,851,12.06,0.10
9001,901,12.41,0.10
9001,901,12.07,0.10
9001,901,11.71,0.10
9001,901,11.89,0.10
9001,901,11.74,0.10
9001,901,11.76,0.10
9001,901,12.51,0.10
9001,901,11.81,0.10
9001,901,11.93,0.10
9001,901,11.69,0.11
9001,951,11.88,0.10
9001,951,11.72,0.10
9001,951,11.70,0.10
9001,951,11.78,0.10
9001,951,11.94,0.10
9001,951,11.77,0.10
9001,951,11.86,0.10
9001,951,11.66,0.10
9001,951,11.85,0.10
9001,951,11.79,0.10
9001,1001,11.94,0.10
9001,1001,11.78,0.10
9001,1001,11.75,0.10
9001,1001,11.71,0.10
9001,1001,11.71,0.10
9001,1001,11.72,0.10
9001,1001,11.72,0.10
9001,1001,11.75,0.10
9001,1001,11.87,0.10
9001,1001,11.78,0.10
10001,1,11.94,0.10
10001,1,13.08,0.10
10001,1,12.08,0.10
10001,1,12.61,0.10
10001,1,11.74,0.10
10001,1,11.73,0.10
10001,1,11.71,0.10
10001,1,11.64,0.16
10001,1,11.73,0.10
10001,1,11.73,0.10
10001,51,11.93,0.10
10001,51,11.90,0.10
10001,51,11.71,0.10
10001,51,11.71,0.10
10001,51,11.79,0.10
10001,51,11.76,0.10
10001,51,11.74,0.10
10001,51,11.79,0.10
10001,51,11.93,0.10
10001,51,12.21,0.10
10001,101,11.78,0.10
10001,101,11.68,0.10
10001,101,11.74,0.11
10001,101,12.63,0.10
10001,101,11.81,0.10
10001,101,11.95,0.10
10001,101,11.69,0.10
10001,101,11.84,0.10
10001,101,11.77,0.10
10001,101,11.79,0.10
10001,151,11.88,0.10
10001,151,12.19,0.10
10001,151,11.71,0.10
10001,151,11.85,0.10
10001,151,11.76,0.10
10001,151,12.62,0.10
10001,151,12.67,0.10
10001,151,11.76,0.10
10001,151,11.73,0.10
10001,151,11.87,0.10
10001,201,11.81,0.09
10001,201,11.78,0.10
10001,201,11.73,0.10
10001,201,11.79,0.10
10001,201,12.56,0.10
10001,201,11.79,0.10
10001,201,11.75,0.10
10001,201,11.65,0.11
10001,201,11.75,0.10
10001,201,11.78,0.10
10001,251,11.76,0.10
10001,251,11.73,0.10
10001,251,11.69,0.10
10001,251,11.76,0.10
10001,251,12.04,0.10
10001,251,11.74,0.10
10001,251,11.79,0.10
10001,251,12.66,0.10
10001,251,11.79,0.10
10001,251,11.96,0.10
10001,301,12.05,0.10
10001,301,11.72,0.10
10001,301,11.87,0.10
10001,301,11.78,0.10
10001,301,12.63,0.10
10001,301,12.01,0.10
10001,301,11.69,0.10
10001,301,12.69,0.10
10001,301,11.79,0.10
10001,301,11.76,0.10
10001,351,11.71,0.10
10001,351,11.73,0.10
10001,351,11.72,0.10
10001,351,11.70,0.10
10001,351,12.75,0.10
10001,351,11.92,0.10
10001,351,11.73,0.10
10001,351,11.98,0.10
10001,351,11.73,0.10
10001,351,11.78,0.10
10001,401,11.80,0.10
10001,401,11.69,0.10
10001,401,11.88,0.10
10001,401,11.99,0.10
10001,401,11.89,0.10
10001,401,11.79,0.10
10001,401,11.72,0.10
10001,401,11.69,0.10
10001,401,11.75,0.11
10001,401,12.06,0.10
10001,451,11.75,0.10
10001,451,11.67,0.10
10001,451,12.70,0.10
10001,451,11.95,0.10
10001,451,12.13,0.10
10001,451,11.98,0.10
10001,451,11.76,0.10
10001,451,11.97,0.10
10001,451,11.78,0.10
10001,451,11.74,0.10
10001,501,11.85,0.10
10001,501,11.73,0.10
10001,501,11.66,0.10
10001,501,11.87,0.10
10001,501,12.12,0.10
10001,501,11.72,0.10
10001,501,11.63,0.10
10001,501,11.93,0.10
10001,501,12.55,0.10
10001,501,11.75,0.10
10001,551,11.78,0.10
10001,551,11.77,0.10
10001,551,11.81,0.10
10001,551,11.81,0.10
10001,551,11.90,0.10
10001,551,12.12,0.10
10001,551,11.87,0.10
10001,551,11.86,0.10
10001,551,12.62,0.10
10001,551,11.75,0.10
10001,601,11.75,0.10
10001,601,12.89,0.10
10001,601,11.67,0.10
10001,601,11.77,0.10
10001,601,12.64,0.10
10001,601,11.77,0.10
10001,601,11.75,0.10
10001,601,11.80,0.10
10001,601,11.75,0.10
10001,601,11.68,0.10
10001,651,11.86,0.10
10001,651,11.80,0.10
10001,651,11.89,0.10
10001,651,12.05,0.10
10001,651,11.73,0.10
10001,651,11.76,0.10
10001,651,11.71,0.10
10001,651,12.10,0.10
10001,651,12.71,0.10
10001,651,11.77,0.09
10001,701,11.75,0.10
10001,701,11.96,0.10
10001,701,11.82,0.10
10001,701,12.12,0.10
10001,701,11.91,0.10
10001,701,11.76,0.10
10001,701,11.81,0.10
10001,701,11.77,0.10
10001,701,11.90,0.10
10001,701,12.73,0.10
10001,751,11.82,0.10
10001,751,11.90,0.10
10001,751,12.70,0.10
10001,751,11.79,0.10
10001,751,11.95,0.11
10001,751,12.22,0.10
10001,751,11.65,0.10
10001,751,11.74,0.10
10001,751,11.80,0.10
10001,751,11.78,0.10
10001,801,11.76,0.10
10001,801,11.92,0.10
10001,801,11.77,0.10
10001,801,11.74,0.10
10001,801,11.96,0.10
10001,801,11.87,0.10
10001,801,11.81,0.10
10001,801,11.94,0.10
10001,801,12.95,0.10
10001,801,11.73,0.10
10001,851,11.79,0.10
10001,851,11.81,0.10
10001,851,12.11,0.10
10001,851,11.81,0.10
10001,851,11.78,0.10
10001,851,12.05,0.10
10001,851,11.77,0.10
10001,851,11.85,0.10
10001,851,11.81,0.10
10001,851,11.91,0.10
10001,901,11.67,0.10
10001,901,11.80,0.10
10001,901,11.87,0.10
10001,901,11.73,0.10
10001,901,11.76,0.10
10001,901,12.61,0.25
10001,901,11.88,0.10
10001,901,11.73,0.10
10001,901,11.71,0.10
10001,901,11.73,0.10
10001,951,11.73,0.10
10001,951,11.72,0.10
10001,951,11.68,0.17
10001,951,11.71,0.10
10001,951,11.66,0.10
10001,951,11.77,0.10
10001,951,11.72,0.10
10001,951,11.67,0.10
10001,951,11.98,0.10
10001,951,12.10,0.10
10001,1001,11.85,0.10
10001,1001,11.76,0.10
10001,1001,12.56,0.10
10001,1001,11.73,0.10
10001,1001,11.70,0.10
10001,1001,11.71,0.10
10001,1001,11.83,0.10
10001,1001,11.79,0.10
10001,1001,11.85,0.10
10001,1001,12.61,0.10
11001,1,11.75,0.10
11001,1,11.74,0.10
11001,1,11.81,0.10
11001,1,11.77,0.10
11001,1,11.83,0.10
11001,1,12.63,0.10
11001,1,11.73,0.10
11001,1,11.73,0.10
11001,1,11.75,0.10
11001,1,11.69,0.10
11001,51,11.95,0.10
11001,51,11.81,0.10
11001,51,11.67,0.10
11001,51,12.64,0.10
11001,51,11.72,0.10
11001,51,11.77,0.10
11001,51,11.90,0.10
11001,51,11.76,0.10
11001,51,12.83,0.10
11001,51,11.87,0.10
11001,101,11.86,0.10
11001,101,12.24,0.10
11001,101,11.70,0.10
11001,101,11.75,0.10
11001,101,11.83,0.10
11001,101,11.72,0.10
11001,101,12.63,0.10
11001,101,11.77,0.10
11001,101,11.74,0.10
11001,101,12.57,0.10
11001,151,11.93,0.10
11001,151,11.71,0.10
11001,151,11.80,0.10
11001,151,11.67,0.10
11001,151,11.78,0.10
11001,151,11.68,0.10
11001,151,11.85,0.10
11001,151,11.84,0.10
11001,151,11.74,0.10
11001,151,11.70,0.10
11001,201,12.50,0.10
11001,201,12.58,0.10
11001,201,11.73,0.10
11001,201,11.81,0.10
11001,201,11.70,0.10
11001,201,11.64,0.10
11001,201,11.72,0.10
11001,201,11.75,0.10
11001,201,11.73,0.10
11001,201,11.67,0.10
11001,251,12.04,0.10
11001,251,11.85,0.10
11001,251,11.70,0.10
11001,251,12.12,0.10
11001,251,11.88,0.10
11001,251,11.84,0.10
11001,251,11.73,0.10
11001,251,11.80,0.10
11001,251,11.77,0.10
11001,251,11.70,0.10
11001,301,11.66,0.10
11001,301,11.76,0.16
11001,301,11.64,0.10
11001,301,12.20,0.10
11001,301,11.96,0.10
11001,301,11.64,0.10
11001,301,11.68,0.10
11001,301,12.54,0.09
11001,301,11.88,0.10
11001,301,11.72,0.10
11001,351,11.75,0.10
11001,351,11.65,0.10
11001,351,11.64,0.10
11001,351,11.67,0.10
11001,351,11.80,0.10
11001,351,11.84,0.10
11001,351,11.80,0.10
11001,351,11.85,0.10
11001,351,11.62,0.10
11001,351,11.90,0.10
11001,401,11.72,0.10
11001,401,11.73,0.10
11001,401,11.75,0.10
11001,401,11.88,0.10
11001,401,11.67,0.10
11001,401,11.74,0.10
11001,401,11.72,0.10
11001,401,11.68,0.10
11001,401,12.12,0.10
11001,401,11.74,0.10
11001,451,11.62,0.10
11001,451,11.79,0.10
11001,451,11.92,0.10
11001,451,11.91,0.10
11001,451,11.69,0.10
11001,451,11.61,0.10
11001,451,12.62,0.10
11001,451,11.87,0.10
11001,451,11.91,0.10
11001,451,11.91,0.10
11001,501,11.71,0.10
11001,501,11.75,0.11
11001,501,11.77,0.10
11001,501,12.21,0.10
11001,501,11.90,0.10
11001,501,11.67,0.10
11001,501,11.76,0.10
11001,501,11.72,0.10
11001,501,11.70,0.10
11001,501,12.11,0.10
11001,551,11.90,0.10
11001,551,11.69,0.10
11001,551,11.74,0.10
11001,551,12.15,0.10
11001,551,11.80,0.10
11001,551,11.73,0.10
11001,551,11.63,0.10
11001,551,11.66,0.10
11001,551,11.71,0.10
11001,551,11.86,0.10
11001,601,11.95,0.10
11001,601,12.57,0.10
11001,601,11.63,0.10
11001,601,11.68,0.10
11001,601,11.81,0.10
11001,601,11.89,0.10
11001,601,11.77,0.10
11001,601,11.76,0.10
11001,601,12.65,0.10
11001,601,11.64,0.10
11001,651,11.69,0.10
11001,651,12.75,0.10
11001,651,11.89,0.10
11001,651,11.84,0.10
11001,651,11.81,0.10
11001,651,11.64,0.10
11001,651,11.73,0.10
11001,651,11.88,0.10
11001,651,12.04,0.10
11001,651,11.96,0.10
11001,701,11.74,0.10
11001,701,12.95,0.10
11001,701,11.95,0.10
11001,701,11.71,0.10
11001,701,12.64,0.10
11001,701,11.79,0.11
11001,701,11.78,0.10
11001,701,11.86,0.10
11001,701,11.82,0.10
11001,701,11.90,0.10
11001,751,11.75,0.10
11001,751,11.78,0.10
11001,751,11.76,0.10
11001,751,12.13,0.10
11001,751,11.86,0.10
11001,751,11.74,0.10
11001,751,12.57,0.10
11001,751,11.69,0.10
11001,751,11.85,0.10
11001,751,11.76,0.10
11001,801,11.73,0.10
11001,801,11.69,0.10
11001,801,11.95,0.10
11001,801,11.70,0.10
11001,801,11.80,0.10
11001,801,11.72,0.10
11001,801,11.67,0.10
11001,801,11.69,0.10
11001,801,11.78,0.10
11001,801,12.14,0.10
11001,851,11.91,0.10
11001,851,11.73,0.10
11001,851,12.63,0.10
11001,851,12.18,0.10
11001,851,12.11,0.10
11001,851,11.58,0.10
11001,851,11.67,0.10
11001,851,11.74,0.10
11001,851,12.07,0.10
11001,851,11.79,0.10
11001,901,11.72,0.17
11001,901,11.69,0.10
11001,901,11.66,0.10
11001,901,11.82,0.10
11001,901,11.81,0.10
11001,901,11.77,0.10
11001,901,11.71,0.10
11001,901,11.74,0.10
11001,901,11.70,0.10
11001,901,11.78,0.10
11001,951,12.66,0.10
11001,951,11.71,0.10
11001,951,11.63,0.10
11001,951,11.73,0.10
11001,951,11.77,0.10
11001,951,11.70,0.10
11001,951,11.67,0.10
11001,951,11.92,0.10
11001,951,11.75,0.10
11001,951,11.74,0.10
11001,1001,11.73,0.10
11001,1001,11.79,0.10
11001,1001,11.94,0.10
11001,1001,12.00,0.10
11001,1001,11.75,0.10
11001,1001,11.67,0.10
11001,1001,11.89,0.10
11001,1001,11.81,0.10
11001,1001,11.70,0.10
11001,1001,11.69,0.10
12001,1,11.94,0.10
12001,1,11.75,0.10
12001,1,11.69,0.10
12001,1,11.94,0.10
12001,1,11.69,0.10
12001,1,11.74,0.10
12001,1,11.69,0.10
12001,1,11.83,0.10
12001,1,12.05,0.10
12001,1,11.91,0.10
12001,51,11.70,0.10
12001,51,12.61,0.10
12001,51,11.80,0.10
12001,51,11.67,0.10
12001,51,11.78,0.10
12001,51,11.71,0.12
12001,51,11.71,0.10
12001,51,12.79,0.10
12001,51,11.96,0.10
12001,51,11.78,0.10
12001,101,11.74,0.10
12001,101,11.70,0.10
12001,101,11.82,0.10
12001,101,12.55,0.10
12001,101,11.81,0.10
12001,101,11.73,0.10
12001,101,11.78,0.10
12001,101,11.77,0.10
12001,101,11.73,0.10
12001,101,11.72,0.10
12001,151,12.20,0.10
12001,151,11.76,0.10
12001,151,11.74,0.10
12001,151,11.73,0.10
12001,151,12.10,0.10
12001,151,11.80,0.10
12001,151,11.80,0.10
12001,151,12.64,0.10
12001,151,11.86,0.10
12001,151,11.85,0.10
12001,201,11.70,0.10
12001,201,11.72,0.10
12001,201,12.68,0.10
12001,201,11.73,0.10
12001,201,11.72,0.10
12001,201,11.74,0.10
12001,201,11.70,0.10
12001,201,11.64,0.10
12001,201,11.77,0.16
12001,201,11.73,0.10
12001,251,11.68,0.10
12001,251,11.69,0.10
12001,251,11.80,0.10
12001,251,11.70,0.10
12001,251,13.17,0.10
12001,251,11.75,0.10
12001,251,11.91,0.10
12001,251,12.67,0.10
12001,251,11.79,0.10
12001,251,12.36,0.10
12001,301,11.87,0.10
12001,301,11.74,0.10
12001,301,12.31,0.10
12001,301,11.80,0.10
12001,301,11.99,0.10
12001,301,12.66,0.10
12001,301,12.17,0.10
12001,301,12.02,0.10
12001,301,11.77,0.10
12001,301,11.88,0.10
12001,351,11.77,0.11
12001,351,11.69,0.10
12001,351,12.91,0.10
12001,351,11.69,0.10
12001,351,11.78,0.10
12001,351,12.16,0.10
12001,351,11.85,0.10
12001,351,11.65,0.10
12001,351,12.61,0.10
12001,351,11.99,0.10
12001,401,11.83,0.10
12001,401,11.85,0.10
12001,401,11.91,0.10
12001,401,11.78,0.11
12001,401,11.75,0.10
12001,401,11.90,0.10
12001,401,11.78,0.10
12001,401,11.79,0.10
12001,401,11.64,0.10
12001,401,11.83,0.10
12001,451,11.99,0.10
12001,451,11.83,0.10
12001,451,11.79,0.10
12001,451,11.69,0.10
12001,451,11.94,0.10
12001,451,11.69,0.10
12001,451,11.79,0.10
12001,451,11.76,0.10
12001,451,11.78,0.10
12001,451,11.75,0.10
12001,501,11.77,0.10
12001,501,11.70,0.10
12001,501,11.78,0.10
12001,501,11.91,0.10
12001,501,11.66,0.10
12001,501,11.68,0.10
12001,501,11.91,0.10
12001,501,11.78,0.10
12001,501,11.78,0.10
12001,501,12.84,0.10
12001,551,11.90,0.10
12001,551,11.86,0.10
12001,551,11.98,0.10
12001,551,12.54,0.10
12001,551,11.77,0.10
12001,551,11.63,0.10
12001,551,11.75,0.10
12001,551,11.83,0.10
12001,551,11.80,0.10
12001,551,11.82,0.10
12001,601,11.81,0.10
12001,601,11.99,0.10
12001,601,11.77,0.10
12001,601,11.74,0.10
12001,601,11.90,0.10
12001,601,11.90,0.10
12001,601,12.61,0.10
12001,601,11.79,0.10
12001,601,11.69,0.10
12001,601,12.82,0.10
12001,651,11.76,0.10
12001,651,11.74,0.10
12001,651,12.66,0.10
12001,651,11.81,0.10
12001,651,12.82,0.10
12001,651,11.97,0.10
12001,651,11.74,0.10
12001,651,11.94,0.10
12001,651,11.74,0.10
12001,651,11.84,0.10
12001,701,11.81,0.10
12001,701,12.63,0.10
12001,701,11.84,0.10
12001,701,11.74,0.10
12001,701,12.64,0.10
12001,701,11.92,0.10
12001,701,12.63,0.10
12001,701,11.67,0.10
12001,701,12.49,0.10
12001,701,11.91,0.10
12001,751,11.78,0.10
12001,751,12.03,0.10
12001,751,11.92,0.10
12001,751,11.97,0.10
12001,751,11.87,0.10
12001,751,11.87,0.10
12001,751,11.79,0.10
12001,751,11.93,0.10
12001,751,11.81,0.10
12001,751,12.68,0.10
12001,801,12.54,0.10
12001,801,12.05,0.10
12001,801,12.04,0.10
12001,801,11.84,0.11
12001,801,11.91,0.10
12001,801,12.54,0.10
12001,801,12.02,0.10
12001,801,11.94,0.10
12001,801,11.72,0.10
12001,801,11.59,0.10
12001,851,11.73,0.10
12001,851,11.85,0.10
12001,851,11.81,0.10
12001,851,11.71,0.10
12001,851,11.74,0.10
12001,851,11.77,0.10
12001,851,11.93,0.10
12001,851,11.87,0.10
12001,851,11.95,0.10
12001,851,11.77,0.10
12001,901,12.00,0.10
12001,901,11.70,0.10
12001,901,11.83,0.10
12001,901,11.75,0.10
12001,901,12.04,0.10
12001,901,11.79,0.10
12001,901,11.74,0.10
12001,901,11.78,0.10
12001,901,11.69,0.10
12001,901,12.03,0.10
12001,951,11.75,0.10
12001,951,11.79,0.10
12001,951,11.65,0.10
12001,951,11.90,0.10
12001,951,11.79,0.10
12001,951,11.84,0.10
12001,951,11.73,0.10
12001,951,11.98,0.10
12001,951,11.83,0.10
12001,951,11.70,0.10
12001,1001,11.86,0.10
12001,1001,11.73,0.10
12001,1001,11.91,0.10
12001,1001,11.82,0.10
12001,1001,11.77,0.10
12001,1001,11.74,0.10
12001,1001,12.04,0.10
12001,1001,11.68,0.10
12001,1001,11.65,0.10
12001,1001,11.99,0.10
13001,1,11.75,0.10
13001,1,11.95,0.10
13001,1,11.83,0.10
13001,1,11.86,0.10
13001,1,11.81,0.16
13001,1,11.85,0.10
13001,1,11.97,0.10
13001,1,11.89,0.10
13001,1,11.87,0.10
13001,1,11.81,0.10
13001,51,11.77,0.10
13001,51,11.97,0.10
13001,51,11.86,0.10
13001,51,11.75,0.10
13001,51,11.80,0.10
13001,51,11.69,0.10
13001,51,12.08,0.10
13001,51,11.69,0.10
13001,51,11.78,0.10
13001,51,11.78,0.10
13001,101,11.88,0.10
13001,101,11.76,0.10
13001,101,11.85,0.10
13001,101,11.71,0.10
13001,101,11.78,0.10
13001,101,11.84,0.11
13001,101,11.64,0.10
13001,101,11.80,0.10
13001,101,11.84,0.10
13001,101,12.12,0.10
13001,151,11.78,0.10
13001,151,12.04,0.10
13001,151,11.73,0.10
13001,151,12.64,0.10
13001,151,11.75,0.10
13001,151,11.82,0.10
13001,151,11.90,0.09
13001,151,11.78,0.10
13001,151,11.75,0.10
13001,151,11.91,0.10
13001,201,12.04,0.10
13001,201,12.08,0.10
13001,201,11.87,0.10
13001,201,11.87,0.10
13001,201,11.75,0.10
13001,201,11.90,0.10
13001,201,11.82,0.10
13001,201,12.65,0.10
13001,201,11.78,0.10
13001,201,12.00,0.10
13001,251,12.00,0.10
13001,251,11.80,0.10
13001,251,11.82,0.10
13001,251,11.77,0.10
13001,251,11.84,0.10
13001,251,11.76,0.10
13001,251,11.88,0.13
13001,251,11.80,0.10
13001,251,11.88,0.10
13001,251,11.71,0.10
13001,301,11.73,0.10
13001,301,11.82,0.10
13001,301,11.72,0.10
13001,301,11.60,0.10
13001,301,11.96,0.10
13001,301,11.69,0.10
13001,301,11.90,0.10
13001,301,11.81,0.10
13001,301,11.70,0.10
13001,301,11.72,0.10
13001,351,11.90,0.10
13001,351,11.84,0.10
13001,351,12.97,0.10
13001,351,11.79,0.10
13001,351,11.82,0.10
13001,351,11.77,0.10
13001,351,11.71,0.10
13001,351,11.77,0.10
13001,351,11.82,0.10
13001,351,11.83,0.10
13001,401,11.72,0.10
13001,401,11.72,0.10
13001,401,12.84,0.10
13001,401,11.96,0.10
13001,401,11.76,0.10
13001,401,12.03,0.10
13001,401,11.86,0.10
13001,401,11.94,0.11
13001,401,11.75,0.10
13001,401,11.75,0.10
13001,451,12.61,0.10
13001,451,11.65,0.10
13001,451,11.81,0.10
13001,451,11.90,0.10
13001,451,11.80,0.10
13001,451,11.85,0.10
13001,451,11.73,0.10
13001,451,12.65,0.10
13001,451,11.77,0.10
13001,451,11.64,0.10
13001,501,11.77,0.10
13001,501,11.89,0.10
13001,501,11.90,0.10
13001,501,11.66,0.10
13001,501,11.74,0.10
13001,501,11.78,0.10
13001,501,11.87,0.10
13001,501,12.62,0.10
13001,501,11.68,0.10
13001,501,11.73,0.10
13001,551,11.82,0.10
13001,551,11.77,0.10
13001,551,11.87,0.10
13001,551,12.60,0.10
13001,551,11.90,0.10
13001,551,12.65,0.10
13001,551,11.73,0.10
13001,551,11.78,0.10
13001,551,12.05,0.10
13001,551,12.66,0.10
13001,601,11.82,0.10
13001,601,11.74,0.10
13001,601,11.78,0.10
13001,601,11.81,0.10
13001,601,11.80,0.10
13001,601,11.81,0.10
13001,601,11.89,0.10
13001,601,11.78,0.10
13001,601,11.80,0.10
13001,601,11.72,0.10
13001,651,11.95,0.10
13001,651,11.81,0.10
13001,651,11.71,0.10
13001,651,11.97,0.10
13001,651,11.75,0.10
13001,651,11.78,0.10
13001,651,11.90,0.10
13001,651,11.80,0.10
13001,651,12.02,0.10
13001,651,12.02,0.10
13001,701,11.94,0.10
13001,701,11.80,0.33
13001,701,12.01,0.10
13001,701,11.74,0.10
13001,701,11.89,0.10
13001,701,11.73,0.10
13001,701,12.05,0.10
13001,701,11.86,0.10
13001,701,11.79,0.10
13001,701,11.86,0.10
13001,751,11.76,0.10
13001,751,11.90,0.10
13001,751,12.63,0.10
13001,751,11.80,0.10
13001,751,11.82,0.10
13001,751,11.74,0.10
13001,751,11.74,0.10
13001,751,11.91,0.10
13001,751,11.68,0.10
13001,751,11.89,0.10
13001,801,11.75,0.10
13001,801,11.65,0.10
13001,801,11.65,0.10
13001,801,11.85,0.10
13001,801,11.75,0.10
13001,801,11.82,0.10
13001,801,12.05,0.10
13001,801,11.74,0.10
13001,801,12.06,0.10
13001,801,11.81,0.10
13001,851,11.73,0.10
13001,851,11.74,0.10
13001,851,11.70,0.10
13001,851,11.81,0.10
13001,851,11.79,0.10
13001,851,11.77,0.10
13001,851,11.68,0.10
13001,851,11.82,0.10
13001,851,12.55,0.10
13001,851,12.67,0.17
13001,901,11.78,0.10
13001,901,12.62,0.10
13001,901,11.75,0.10
13001,901,11.95,0.10
13001,901,11.74,0.10
13001,901,11.83,0.10
13001,901,11.73,0.10
13001,901,11.79,0.10
13001,901,11.78,0.10
13001,901,11.79,0.10
13001,951,11.78,0.10
13001,951,11.87,0.10
13001,951,11.86,0.10
13001,951,11.89,0.10
13001,951,11.84,0.10
13001,951,11.69,0.10
13001,951,11.70,0.10
13001,951,11.84,0.10
13001,951,11.76,0.10
13001,951,12.65,0.10
13001,1001,11.88,0.10
13001,1001,12.14,0.10
13001,1001,11.90,0.10
13001,1001,11.71,0.10
13001,1001,11.68,0.10
13001,1001,12.86,0.10
13001,1001,11.83,0.10
13001,1001,11.82,0.10
13001,1001,11.71,0.10
13001,1001,11.95,0.10
14001,1,11.71,0.10
14001,1,11.72,0.10
14001,1,11.89,0.26
14001,1,11.80,0.10
14001,1,12.00,0.10
14001,1,11.85,0.10
14001,1,12.11,0.10
14001,1,11.72,0.10
14001,1,11.78,0.10
14001,1,11.84,0.10
14001,51,11.72,0.10
14001,51,11.86,0.12
14001,51,11.72,0.10
14001,51,11.84,0.10
14001,51,11.80,0.10
14001,51,11.76,0.11
14001,51,11.76,0.10
14001,51,11.70,0.10
14001,51,11.74,0.10
14001,51,11.73,0.10
14001,101,11.77,0.10
14001,101,11.69,0.10
14001,101,11.85,0.10
14001,101,11.71,0.10
14001,101,11.83,0.10
14001,101,11.71,0.10
14001,101,11.78,0.10
14001,101,11.79,0.10
14001,101,11.95,0.10
14001,101,11.77,0.10
14001,151,11.80,0.10
14001,151,11.71,0.10
14001,151,11.74,0.10
14001,151,11.78,0.10
14001,151,12.61,0.10
14001,151,11.78,0.10
14001,151,11.99,0.10
14001,151,12.02,0.10
14001,151,11.74,0.10
14001,151,11.73,0.10
14001,201,11.71,0.10
14001,201,11.90,0.10
14001,201,11.70,0.10
14001,201,11.78,0.10
14001,201,11.72,0.10
14001,201,11.62,0.11
14001,201,11.72,0.10
14001,201,11.81,0.10
14001,201,11.76,0.10
14001,201,11.78,0.10
14001,251,11.76,0.10
14001,251,11.94,0.10
14001,251,11.73,0.10
14001,251,11.76,0.10
14001,251,11.76,0.10
14001,251,11.84,0.10
14001,251,11.80,0.10
14001,251,11.80,0.10
14001,251,11.79,0.10
14001,251,11.89,0.10
14001,301,11.80,0.10
14001,301,11.85,0.10
14001,301,11.81,0.10
14001,301,11.93,0.10
14001,301,12.17,0.10
14001,301,11.70,0.09
14001,301,11.67,0.10
14001,301,11.78,0.10
14001,301,11.74,0.10
14001,301,11.91,0.10
14001,351,11.72,0.10
14001,351,11.75,0.10
14001,351,12.44,0.10
14001,351,11.78,0.10
14001,351,11.70,0.10
14001,351,11.88,0.10
14001,351,12.65,0.10
14001,351,11.79,0.10
14001,351,11.69,0.10
14001,351,11.79,0.10
14001,401,11.78,0.10
14001,401,11.98,0.10
14001,401,11.92,0.10
14001,401,12.73,0.10
14001,401,11.81,0.10
14001,401,11.86,0.10
14001,401,11.89,0.10
14001,401,11.80,0.10
14001,401,11.70,0.10
14001,401,12.18,0.10
14001,451,12.03,0.10
14001,451,11.74,0.10
14001,451,11.72,0.10
14001,451,11.80,0.10
14001,451,11.84,0.10
14001,451,11.65,0.10
14001,451,11.96,0.10
14001,451,12.36,0.10
14001,451,11.87,0.10
14001,451,12.51,0.10
14001,501,11.70,0.10
14001,501,11.81,0.16
14001,501,12.69,0.10
14001,501,11.72,0.10
14001,501,11.86,0.10
14001,501,11.83,0.10
14001,501,11.74,0.10
14001,501,11.77,0.10
14001,501,11.94,0.10
14001,501,11.74,0.10
14001,551,12.03,0.10
14001,551,11.79,0.10
14001,551,12.61,0.10
14001,551,11.69,0.10
14001,551,12.17,0.10
14001,551,11.75,0.10
14001,551,11.92,0.10
14001,551,12.61,0.10
14001,551,11.92,0.10
14001,551,11.81,0.10
14001,601,11.85,0.10
14001,601,11.78,0.10
14001,601,12.69,0.10
14001,601,11.78,0.10
14001,601,11.77,0.10
14001,601,12.33,0.10
14001,601,11.76,0.10
14001,601,11.81,0.10
14001,601,11.77,0.10
14001,601,11.88,0.10
14001,651,11.98,0.10
14001,651,11.67,0.10
14001,651,11.68,0.10
14001,651,11.88,0.10
14001,651,11.79,0.10
14001,651,11.85,0.10
14001,651,11.81,0.10
14001,651,11.79,0.10
14001,651,11.81,0.10
14001,651,11.79,0.10
14001,701,12.65,0.10
14001,701,11.94,0.10
14001,701,11.77,0.10
14001,701,11.76,0.10
14001,701,11.78,0.10
14001,701,11.80,0.10
14001,701,11.77,0.10
14001,701,11.97,0.10
14001,701,12.13,0.10
14001,701,11.82,0.16
14001,751,11.66,0.10
14001,751,11.78,0.10
14001,751,12.16,0.10
14001,751,11.76,0.10
14001,751,11.80,0.10
14001,751,11.87,0.10
14001,751,12.24,0.10
14001,751,12.09,0.10
14001,751,11.78,0.10
14001,751,11.86,0.10
14001,801,11.71,0.10
14001,801,11.78,0.10
14001,801,11.80,0.10
14001,801,11.75,0.10
14001,801,11.68,0.10
14001,801,11.77,0.10
14001,801,12.14,0.10
14001,801,11.76,0.10
14001,801,11.80,0.10
14001,801,12.19,0.10
14001,851,11.63,0.10
14001,851,11.85,0.10
14001,851,11.90,0.10
14001,851,11.75,0.10
14001,851,11.70,0.10
14001,851,11.77,0.10
14001,851,11.79,0.10
14001,851,11.71,0.10
14001,851,11.76,0.10
14001,851,11.77,0.10
14001,901,11.69,0.10
14001,901,11.73,0.10
14001,901,12.58,0.10
14001,901,11.76,0.10
14001,901,12.01,0.10
14001,901,11.74,0.10
14001,901,11.91,0.10
14001,901,11.77,0.10
14001,901,11.84,0.10
14001,901,11.72,0.10
14001,951,11.86,0.10
14001,951,11.77,0.10
14001,951,11.77,0.10
14001,951,11.65,0.10
14001,951,11.61,0.10
14001,951,11.83,0.10
14001,951,11.83,0.10
14001,951,11.80,0.10
14001,951,11.76,0.10
14001,951,11.68,0.10
14001,1001,11.82,0.10
14001,1001,11.71,0.10
14001,1001,11.75,0.10
14001,1001,11.78,0.10
14001,1001,11.73,0.10
14001,1001,11.78,0.10
14001,1001,11.78,0.10
14001,1001,11.99,0.10
14001,1001,11.75,0.10
14001,1001,11.66,0.10
15001,1,12.08,0.10
15001,1,12.17,0.10
15001,1,11.94,0.10
15001,1,11.72,0.10
15001,1,12.23,0.10
15001,1,12.09,0.10
15001,1,11.88,0.10
15001,1,12.11,0.10
15001,1,12.25,0.10
15001,1,11.97,0.11
15001,51,11.89,0.10
15001,51,11.82,0.10
15001,51,11.87,0.10
15001,51,11.74,0.10
15001,51,11.79,0.10
15001,51,11.79,0.10
15001,51,11.70,0.10
15001,51,12.14,0.10
15001,51,11.76,0.10
15001,51,11.85,0.10
15001,101,11.71,0.10
15001,101,11.74,0.10
15001,101,11.70,0.10
15001,101,11.92,0.10
15001,101,11.73,0.10
15001,101,12.67,0.10
15001,101,11.77,0.10
15001,101,11.78,0.10
15001,101,11.74,0.10
15001,101,11.74,0.10
15001,151,11.80,0.10
15001,151,12.62,0.10
15001,151,11.81,0.10
15001,151,11.72,0.10
15001,151,11.72,0.10
15001,151,11.74,0.10
15001,151,11.87,0.10
15001,151,11.64,0.10
15001,151,12.07,0.10
15001,151,11.85,0.10
15001,201,11.73,0.10
15001,201,12.15,0.10
15001,201,11.74,0.10
15001,201,11.72,0.10
15001,201,11.80,0.10
15001,201,11.78,0.10
15001,201,11.76,0.10
15001,201,11.74,0.10
15001,201,11.78,0.11
15001,201,12.78,0.10
15001,251,11.77,0.10
15001,251,11.80,0.10
15001,251,11.78,0.10
15001,251,11.73,0.10
15001,251,11.77,0.10
15001,251,11.77,0.10
15001,251,11.77,0.10
15001,251,11.84,0.10
15001,251,11.77,0.10
15001,251,12.11,0.10
15001,301,11.86,0.10
15001,301,11.84,0.10
15001,301,11.81,0.10
15001,301,11.82,0.10
15001,301,11.67,0.10
15001,301,11.77,0.10
15001,301,11.81,0.10
15001,301,12.70,0.10
15001,301,11.81,0.10
15001,301,12.69,0.10
15001,351,11.75,0.10
15001,351,12.18,0.10
15001,351,11.77,0.10
15001,351,11.79,0.10
15001,351,11.79,0.10
15001,351,12.64,0.10
15001,351,11.75,0.10
15001,351,12.02,0.10
15001,351,11.77,0.10
15001,351,12.05,0.10
15001,401,11.72,0.10
15001,401,11.69,0.10
15001,401,11.81,0.10
15001,401,11.68,0.10
15001,401,11.78,0.10
15001,401,11.84,0.10
15001,401,12.62,0.10
15001,401,11.74,0.10
15001,401,11.75,0.10
15001,401,12.83,0.10
15001,451,11.80,0.10
15001,451,11.63,0.10
15001,451,11.78,0.10
15001,451,11.69,0.10
15001,451,11.95,0.10
15001,451,11.76,0.10
15001,451,12.64,0.11
15001,451,11.93,0.10
15001,451,12.18,0.10
15001,451,11.76,0.10
15001,501,11.79,0.10
15001,501,11.89,0.10
15001,501,11.94,0.10
15001,501,11.83,0.10
15001,501,11.89,0.11
15001,501,11.83,0.10
15001,501,11.81,0.10
15001,501,11.66,0.10
15001,501,11.65,0.10
15001,501,11.70,0.10
15001,551,11.94,0.10
15001,551,11.81,0.16
15001,551,11.67,0.10
15001,551,11.84,0.12
15001,551,11.96,0.11
15001,551,11.75,0.10
15001,551,11.79,0.10
15001,551,11.89,0.10
15001,551,11.69,0.10
15001,551,11.70,0.10
15001,601,11.78,0.10
15001,601,11.72,0.10
15001,601,12.51,0.10
15001,601,11.85,0.10
15001,601,11.87,0.10
15001,601,11.77,0.10
15001,601,11.74,0.10
15001,601,11.76,0.10
15001,601,12.02,0.10
15001,601,11.78,0.10
15001,651,11.80,0.10
15001,651,11.81,0.10
15001,651,11.82,0.10
15001,651,11.94,0.17
15001,651,11.79,0.10
15001,651,12.58,0.10
15001,651,11.70,0.10
15001,651,12.13,0.11
15001,651,11.79,0.10
15001,651,11.89,0.10
15001,701,11.80,0.10
15001,701,11.71,0.10
15001,701,11.79,0.10
15001,701,11.77,0.10
15001,701,11.69,0.10
15001,701,11.94,0.10
15001,701,11.81,0.10
15001,701,11.68,0.10
15001,701,11.90,0.10
15001,701,12.64,0.10
15001,751,12.08,0.10
15001,751,11.64,0.10
15001,751,11.81,0.10
15001,751,11.68,0.10
15001,751,11.68,0.10
15001,751,11.73,0.10
15001,751,11.68,0.10
15001,751,12.56,0.10
15001,751,12.08,0.10
15001,751,11.83,0.10
15001,801,11.87,0.10
15001,801,12.87,0.10
15001,801,11.63,0.09
15001,801,11.71,0.10
15001,801,11.93,0.10
15001,801,12.50,0.10
15001,801,11.81,0.10
15001,801,11.70,0.10
15001,801,11.67,0.10
15001,801,11.89,0.11
15001,851,11.71,0.10
15001,851,11.85,0.10
15001,851,11.67,0.10
15001,851,11.95,0.10
15001,851,13.02,0.10
15001,851,11.68,0.10
15001,851,11.71,0.10
15001,851,11.97,0.10
15001,851,12.15,0.10
15001,851,11.86,0.10
15001,901,12.05,0.10
15001,901,11.85,0.10
15001,901,11.68,0.10
15001,901,11.72,0.10
15001,901,11.77,0.10
15001,901,11.81,0.10
15001,901,11.70,0.10
15001,901,12.97,0.10
15001,901,12.04,0.10
15001,901,11.72,0.10
15001,951,11.71,0.10
15001,951,11.77,0.10
15001,951,11.84,0.10
15001,951,11.80,0.10
15001,951,12.35,0.09
15001,951,11.91,0.10
15001,951,11.88,0.10
15001,951,11.90,0.10
15001,951,11.94,0.10
15001,951,11.72,0.10
15001,1001,11.78,0.10
15001,1001,11.81,0.10
15001,1001,11.96,0.09
15001,1001,12.60,0.10
15001,1001,11.72,0.10
15001,1001,12.52,0.10
15001,1001,11.75,0.10
15001,1001,11.72,0.10
15001,1001,11.73,0.10
15001,1001,12.60,0.10
16001,1,11.80,0.10
16001,1,11.67,0.10
16001,1,11.71,0.10
16001,1,11.70,0.10
16001,1,11.77,0.10
16001,1,12.09,0.10
16001,1,11.74,0.10
16001,1,12.05,0.10
16001,1,11.77,0.10
16001,1,11.80,0.10
16001,51,11.99,0.10
16001,51,12.27,0.10
16001,51,11.72,0.10
16001,51,11.87,0.10
16001,51,12.03,0.10
16001,51,12.16,0.10
16001,51,11.87,0.10
16001,51,11.99,0.10
16001,51,12.00,0.10
16001,51,12.09,0.10
16001,101,11.86,0.10
16001,101,11.82,0.10
16001,101,11.87,0.10
16001,101,11.71,0.10
16001,101,11.71,0.10
16001,101,11.78,0.10
16001,101,11.67,0.10
16001,101,11.77,0.10
16001,101,11.86,0.10
16001,101,11.69,0.10
16001,151,11.79,0.10
16001,151,11.81,0.10
16001,151,11.72,0.10
16001,151,12.21,0.10
16001,151,11.71,0.10
16001,151,11.86,0.10
16001,151,12.60,0.10
16001,151,11.82,0.10
16001,151,12.55,0.10
16001,151,11.75,0.10
16001,201,11.73,0.10
16001,201,12.30,0.10
16001,201,11.85,0.10
16001,201,11.81,0.10
16001,201,11.82,0.10
16001,201,12.19,0.10
16001,201,12.62,0.10
16001,201,11.75,0.10
16001,201,11.71,0.10
16001,201,12.68,0.10
16001,251,11.81,0.10
16001,251,11.89,0.10
16001,251,12.08,0.10
16001,251,11.71,0.10
16001,251,11.79,0.10
16001,251,11.84,0.10
16001,251,12.04,0.10
16001,251,11.82,0.10
16001,251,12.51,0.10
16001,251,11.69,0.10
16001,301,11.84,0.10
16001,301,11.89,0.10
16001,301,11.75,0.10
16001,301,11.82,0.10
16001,301,12.05,0.10
16001,301,11.78,0.10
16001,301,11.79,0.10
16001,301,11.79,0.10
16001,301,11.74,0.10
16001,301,12.65,0.10
16001,351,11.95,0.10
16001,351,11.89,0.10
16001,351,11.83,0.10
16001,351,11.70,0.11
16001,351,11.70,0.10
16001,351,11.68,0.10
16001,351,11.84,0.10
16001,351,11.77,0.10
16001,351,12.66,0.10
16001,351,11.92,0.10
16001,401,11.71,0.10
16001,401,11.83,0.10
16001,401,12.66,0.10
16001,401,11.69,0.10
16001,401,12.32,0.10
16001,401,11.79,0.10
16001,401,11.82,0.10
16001,401,12.62,0.10
16001,401,12.02,0.10
16001,401,11.78,0.10
16001,451,11.76,0.10
16001,451,11.80,0.10
16001,451,11.75,0.10
16001,451,11.86,0.10
16001,451,11.72,0.10
16001,451,11.86,0.10
16001,451,11.70,0.10
16001,451,11.89,0.10
16001,451,12.13,0.10
16001,451,11.84,0.10
16001,501,11.80,0.10
16001,501,11.80,0.10
16001,501,11.78,0.10
16001,501,11.71,0.10
16001,501,12.70,0.10
16001,501,11.89,0.10
16001,501,11.83,0.10
16001,501,11.79,0.10
16001,501,11.71,0.10
16001,501,12.75,0.11
16001,551,11.73,0.10
16001,551,11.76,0.10
16001,551,11.71,0.10
16001,551,13.28,0.10
16001,551,11.74,0.10
16001,551,11.80,0.10
16001,551,11.75,0.10
16001,551,11.94,0.10
16001,551,12.68,0.10
16001,551,11.81,0.10
16001,601,11.81,0.10
16001,601,11.73,0.10
16001,601,11.93,0.10
16001,601,11.70,0.10
16001,601,11.84,0.10
16001,601,11.81,0.10
16001,601,11.75,0.10
16001,601,11.90,0.10
16001,601,11.96,0.10
16001,601,11.70,0.10
16001,651,11.84,0.10
16001,651,11.76,0.10
16001,651,11.88,0.10
16001,651,11.81,0.10
16001,651,11.81,0.11
16001,651,11.99,0.10
16001,651,12.12,0.10
16001,651,11.70,0.10
16001,651,11.77,0.10
16001,651,11.72,0.10
16001,701,12.16,0.10
16001,701,11.70,0.10
16001,701,11.73,0.10
16001,701,11.86,0.10
16001,701,12.23,0.10
16001,701,11.70,0.10
16001,701,11.73,0.10
16001,701,11.73,0.10
16001,701,11.79,0.10
16001,701,11.71,0.10
16001,751,12.61,0.10
16001,751,11.71,0.10
16001,751,12.67,0.10
16001,751,11.83,0.10
16001,751,11.75,0.10
16001,751,11.64,0.10
16001,751,11.70,0.10
16001,751,11.97,0.10
16001,751,11.97,0.10
16001,751,11.72,0.10
16001,801,11.82,0.10
16001,801,11.83,0.10
16001,801,11.77,0.10
16001,801,11.75,0.10
16001,801,11.75,0.10
16001,801,11.74,0.10
16001,801,11.76,0.10
16001,801,11.82,0.10
16001,801,12.12,0.10
16001,801,11.80,0.10
16001,851,11.88,0.10
16001,851,11.81,0.11
16001,851,11.77,0.10
16001,851,11.75,0.10
16001,851,12.63,0.10
16001,851,11.74,0.10
16001,851,11.89,0.10
16001,851,11.81,0.10
16001,851,11.75,0.10
16001,851,11.87,0.10
16001,901,12.36,0.10
16001,901,11.86,0.10
16001,901,12.64,0.10
16001,901,12.64,0.10
16001,901,11.69,0.10
16001,901,11.65,0.10
16001,901,11.96,0.10
16001,901,11.74,0.10
16001,901,11.71,0.10
16001,901,12.13,0.10
16001,951,11.77,0.10
16001,951,11.75,0.10
16001,951,11.80,0.10
16001,951,12.05,0.10
16001,951,11.69,0.10
16001,951,11.78,0.10
16001,951,12.15,0.10
16001,951,11.83,0.10
16001,951,11.79,0.10
16001,951,11.71,0.10
16001,1001,11.77,0.10
16001,1001,11.83,0.10
16001,1001,11.76,0.10
16001,1001,12.80,0.10
16001,1001,11.73,0.10
16001,1001,11.72,0.10
16001,1001,11.70,0.10
16001,1001,12.16,0.10
16001,1001,11.81,0.10
16001,1001,11.70,0.10
